Iteracion	Nombre	Promedio	Desviacion	Error(2sigma/raiz(n)*promedio)
Real DNA test 0
Occupation In
0	BTree_OccIn(2^10)	0,994140625	0,0	0,0
0	ExtHash_OccIn(2^10)	0,6798206567764282	0,0	0,0
0	LinHashV1_OccIn(2^10)	0,49700927734375	0,0	0,0
0	LinHashV2_OccIn(2^10)	0,0	0,0	NaN
0	BTree_OccIn(2^11)	0,9802370071411133	0,0	0,0
0	ExtHash_OccIn(2^11)	0,6646918654441833	0,0	0,0
0	LinHashV1_OccIn(2^11)	0,5056992769241333	0,0	0,0
0	LinHashV2_OccIn(2^11)	0,0	0,0	NaN
0	BTree_OccIn(2^12)	0,9906350374221802	0,0	0,0
0	ExtHash_OccIn(2^12)	0,6916772127151489	0,0	0,0
0	LinHashV1_OccIn(2^12)	0,5103728771209717	0,0	0,0
0	LinHashV2_OccIn(2^12)	0,0	0,0	NaN
0	BTree_OccIn(2^13)	0,9900645613670349	0,0	0,0
0	ExtHash_OccIn(2^13)	0,6760074496269226	0,0	0,0
0	LinHashV1_OccIn(2^13)	0,5106180310249329	0,0	0,0
0	LinHashV2_OccIn(2^13)	0,0	0,0	NaN
0	BTree_OccIn(2^14)	0,994140625	0,0	0,0
0	ExtHash_OccIn(2^14)	0,6656380295753479	0,0	0,0
0	LinHashV1_OccIn(2^14)	0,5107421875	0,0	0,0
0	LinHashV2_OccIn(2^14)	0,0	0,0	NaN
0	BTree_OccIn(2^15)	0,9932723045349121	0,0	0,0
0	ExtHash_OccIn(2^15)	0,66796875	0,0	0,0
0	LinHashV1_OccIn(2^15)	0,5102586150169373	0,0	0,0
0	LinHashV2_OccIn(2^15)	0,0	0,0	NaN
Occupation Out
0	BTree_OccOut(2^14)	0,994140625	0,0	0,0
0	ExtHash_OccOut(2^14)	0,667948305606842	0,0	0,0
0	LinHashV1_OccOut(2^14)	0,5102586150169373	0,0	0,0
0	LinHashV2_OccOut(2^14)	0,0	0,0	NaN
0	BTree_OccOut(2^13)	0,9900645613670349	0,0	0,0
0	ExtHash_OccOut(2^13)	0,6679278612136841	0,0	0,0
0	LinHashV1_OccOut(2^13)	0,5102586150169373	0,0	0,0
0	LinHashV2_OccOut(2^13)	0,0	0,0	NaN
0	BTree_OccOut(2^12)	0,9906350374221802	0,0	0,0
0	ExtHash_OccOut(2^12)	0,6679074168205261	0,0	0,0
0	LinHashV1_OccOut(2^12)	0,5102586150169373	0,0	0,0
0	LinHashV2_OccOut(2^12)	0,0	0,0	NaN
0	BTree_OccOut(2^11)	0,9802370071411133	0,0	0,0
0	ExtHash_OccOut(2^11)	0,6678869724273682	0,0	0,0
0	LinHashV1_OccOut(2^11)	0,5102586150169373	0,0	0,0
0	LinHashV2_OccOut(2^11)	0,0	0,0	NaN
0	BTree_OccOut(2^10)	0,994140625	0,0	0,0
0	ExtHash_OccOut(2^10)	0,6678869724273682	0,0	0,0
0	LinHashV1_OccOut(2^10)	0,5102586150169373	0,0	0,0
0	LinHashV2_OccOut(2^10)	0,0	0,0	NaN
IO in
0	BTree_IO_insert(2^10)	46725,0	0,0	0,0
0	ExtHash_IO_insert(2^10)	2137,0	0,0	0,0
0	LinHashV1_IO_insert(2^10)	3912,0	0,0	0,0
0	LinHashV2_IO_insert(2^10)	0,0	0,0	NaN
0	BTree_IO_insert(2^11)	183035,0	0,0	0,0
0	ExtHash_IO_insert(2^11)	4322,0	0,0	0,0
0	LinHashV1_IO_insert(2^11)	10545,0	0,0	0,0
0	LinHashV2_IO_insert(2^11)	0,0	0,0	NaN
0	BTree_IO_insert(2^12)	724528,0	0,0	0,0
0	ExtHash_IO_insert(2^12)	8675,0	0,0	0,0
0	LinHashV1_IO_insert(2^12)	31892,0	0,0	0,0
0	LinHashV2_IO_insert(2^12)	0,0	0,0	NaN
0	BTree_IO_insert(2^13)	2819435,0	0,0	0,0
0	ExtHash_IO_insert(2^13)	17403,0	0,0	0,0
0	LinHashV1_IO_insert(2^13)	107204,0	0,0	0,0
0	LinHashV2_IO_insert(2^13)	0,0	0,0	NaN
0	BTree_IO_insert(2^14)	1,1131972E7	0,0	0,0
0	ExtHash_IO_insert(2^14)	34872,0	0,0	0,0
0	LinHashV1_IO_insert(2^14)	388297,0	0,0	0,0
0	LinHashV2_IO_insert(2^14)	0,0	0,0	NaN
0	BTree_IO_insert(2^15)	4,4223479E7	0,0	0,0
0	ExtHash_IO_insert(2^15)	69788,0	0,0	0,0
0	LinHashV1_IO_insert(2^15)	1474258,0	0,0	0,0
0	LinHashV2_IO_insert(2^15)	0,0	0,0	NaN
IO out
0	BTree_IO_deleting(2^14)	50064,0	0,0	0,0
0	ExtHash_IO_deleting(2^14)	34202,0	0,0	0,0
0	LinHashV1_IO_deleting(2^14)	1879,0	0,0	0,0
0	LinHashV2_IO_deleting(2^14)	0,0	0,0	NaN
0	BTree_IO_deleting(2^13)	75552,0	0,0	0,0
0	ExtHash_IO_deleting(2^13)	52020,0	0,0	0,0
0	LinHashV1_IO_deleting(2^13)	3758,0	0,0	0,0
0	LinHashV2_IO_deleting(2^13)	0,0	0,0	NaN
0	BTree_IO_deleting(2^12)	88752,0	0,0	0,0
0	ExtHash_IO_deleting(2^12)	61646,0	0,0	0,0
0	LinHashV1_IO_deleting(2^12)	5637,0	0,0	0,0
0	LinHashV2_IO_deleting(2^12)	0,0	0,0	NaN
0	BTree_IO_deleting(2^11)	95808,0	0,0	0,0
0	ExtHash_IO_deleting(2^11)	67176,0	0,0	0,0
0	LinHashV1_IO_deleting(2^11)	7516,0	0,0	0,0
0	LinHashV2_IO_deleting(2^11)	0,0	0,0	NaN
0	BTree_IO_deleting(2^10)	99792,0	0,0	0,0
0	ExtHash_IO_deleting(2^10)	70658,0	0,0	0,0
0	LinHashV1_IO_deleting(2^10)	9395,0	0,0	0,0
0	LinHashV2_IO_deleting(2^10)	0,0	0,0	NaN
0	BTree_IO_erased	102864,0	0,0	0,0
0	ExtHash_IO_erased	72706,0	0,0	0,0
0	LinHashV1_IO_erased	9395,0	0,0	0,0
0	LinHashV2_IO_erased	0,0	0,0	NaN
IO successful search
0	BTree_IO_successfulSearch(2^10)	20000,0	0,0	0,0
0	ExtHash_IO_successfulSearch(2^10)	10000,0	0,0	0,0
0	LinHashV1_IO_insert(2^10)	201537,0	0,0	0,0
0	LinHashV2_IO_insert(2^10)	0,0	0,0	NaN
0	BTree_IO_successfulSearch(2^11)	20000,0	0,0	0,0
0	ExtHash_IO_successfulSearch(2^11)	10000,0	0,0	0,0
0	LinHashV1_IO_insert(2^11)	333290,0	0,0	0,0
0	LinHashV2_IO_insert(2^11)	0,0	0,0	NaN
0	BTree_IO_successfulSearch(2^12)	20000,0	0,0	0,0
0	ExtHash_IO_successfulSearch(2^12)	10000,0	0,0	0,0
0	LinHashV1_IO_insert(2^12)	606172,0	0,0	0,0
0	LinHashV2_IO_insert(2^12)	0,0	0,0	NaN
0	BTree_IO_successfulSearch(2^13)	20000,0	0,0	0,0
0	ExtHash_IO_successfulSearch(2^13)	10000,0	0,0	0,0
0	LinHashV1_IO_insert(2^13)	1146872,0	0,0	0,0
0	LinHashV2_IO_insert(2^13)	0,0	0,0	NaN
0	BTree_IO_successfulSearch(2^14)	20000,0	0,0	0,0
0	ExtHash_IO_successfulSearch(2^14)	10000,0	0,0	0,0
0	LinHashV1_IO_insert(2^14)	2209003,0	0,0	0,0
0	LinHashV2_IO_insert(2^14)	0,0	0,0	NaN
0	BTree_IO_successfulSearch(2^15)	20000,0	0,0	0,0
0	ExtHash_IO_successfulSearch(2^15)	10000,0	0,0	0,0
0	LinHashV1_IO_insert(2^15)	4370381,0	0,0	0,0
0	LinHashV2_IO_insert(2^15)	0,0	0,0	NaN
IO unfavorable search
0	BTree_IO_unfavorableSearch(2^10)	20000,0	0,0	0,0
0	ExtHash_IO_unfavorableSearch(2^10)	10000,0	0,0	0,0
0	LinHashV1_IO_unfavorableSearch(2^10)	320000,0	0,0	0,0
0	LinHashV2_IO_unfavorableSearch(2^10)	0,0	0,0	NaN
0	BTree_IO_unfavorableSearch(2^11)	20000,0	0,0	0,0
0	ExtHash_IO_unfavorableSearch(2^11)	10000,0	0,0	0,0
0	LinHashV1_IO_unfavorableSearch(2^11)	610000,0	0,0	0,0
0	LinHashV2_IO_unfavorableSearch(2^11)	0,0	0,0	NaN
0	BTree_IO_unfavorableSearch(2^12)	20000,0	0,0	0,0
0	ExtHash_IO_unfavorableSearch(2^12)	10000,0	0,0	0,0
0	LinHashV1_IO_unfavorableSearch(2^12)	1190000,0	0,0	0,0
0	LinHashV2_IO_unfavorableSearch(2^12)	0,0	0,0	NaN
0	BTree_IO_unfavorableSearch(2^13)	20000,0	0,0	0,0
0	ExtHash_IO_unfavorableSearch(2^13)	10000,0	0,0	0,0
0	LinHashV1_IO_unfavorableSearch(2^13)	2360000,0	0,0	0,0
0	LinHashV2_IO_unfavorableSearch(2^13)	0,0	0,0	NaN
0	BTree_IO_unfavorableSearch(2^14)	20000,0	0,0	0,0
0	ExtHash_IO_unfavorableSearch(2^14)	10000,0	0,0	0,0
0	LinHashV1_IO_unfavorableSearch(2^14)	4700000,0	0,0	0,0
0	LinHashV2_IO_unfavorableSearch(2^14)	0,0	0,0	NaN
0	BTree_IO_unfavorableSearch(2^15)	20000,0	0,0	0,0
0	ExtHash_IO_unfavorableSearch(2^15)	10000,0	0,0	0,0
0	LinHashV1_IO_unfavorableSearch(2^15)	9390000,0	0,0	0,0
0	LinHashV2_IO_unfavorableSearch(2^15)	0,0	0,0	NaN
Real DNA test 1
Occupation In
1	BTree_OccIn(2^10)	0,98291015625	0,01588228121805722	0,022851465474416292
1	ExtHash_OccIn(2^10)	0,7047635912895203	0,03527463627379872	0,07078383395899736
1	LinHashV1_OccIn(2^10)	0,49700927734375	0,0	0,0
1	LinHashV2_OccIn(2^10)	0,0	0,0	NaN
1	BTree_OccIn(2^11)	0,9834646284580231	0,004564545840578335	0,006563777127338858
1	ExtHash_OccIn(2^11)	0,6801952123641968	0,021925043476458142	0,04558499277325837
1	LinHashV1_OccIn(2^11)	0,5056992769241333	0,0	0,0
1	LinHashV2_OccIn(2^11)	0,0	0,0	NaN
1	BTree_OccIn(2^12)	0,9922626316547394	0,0023017658377254557	0,0032805714548475107
1	ExtHash_OccIn(2^12)	0,6916772127151489	0,0	0,0
1	LinHashV1_OccIn(2^12)	0,5103728771209717	0,0	0,0
1	LinHashV2_OccIn(2^12)	0,0	0,0	NaN
1	BTree_OccIn(2^13)	0,9914139807224274	0,0019083671537247708	0,0027222116726842117
1	ExtHash_OccIn(2^13)	0,6779334843158722	0,0027238243787135485	0,0056820757006661735
1	LinHashV1_OccIn(2^13)	0,5106180310249329	0,0	0,0
1	LinHashV2_OccIn(2^13)	0,0	0,0	NaN
1	BTree_OccIn(2^14)	0,9931303858757019	0,0014286938708222858	0,002034454163654066
1	ExtHash_OccIn(2^14)	0,6771647930145264	0,01630130518595253	0,034044190005404484
1	LinHashV1_OccIn(2^14)	0,5107421875	0,0	0,0
1	LinHashV2_OccIn(2^14)	0,0	0,0	NaN
1	BTree_OccIn(2^15)	0,9934491813182831	2,501415459121561E-4	3,560862230240312E-4
1	ExtHash_OccIn(2^15)	0,6748770177364349	0,00976976592537077	0,020472671479036426
1	LinHashV1_OccIn(2^15)	0,5102586150169373	0,0	0,0
1	LinHashV2_OccIn(2^15)	0,0	0,0	NaN
Occupation Out
1	BTree_OccOut(2^14)	0,9931303858757019	2,501415459121561E-4	3,560862230240312E-4
1	ExtHash_OccOut(2^14)	0,6748563647270203	0,009769470897431192	0,020472679761929888
1	LinHashV1_OccOut(2^14)	0,5102586150169373	0,0	0,0
1	LinHashV2_OccOut(2^14)	0,0	0,0	NaN
1	BTree_OccOut(2^13)	0,9914139807224274	2,501415459121561E-4	3,560862230240312E-4
1	ExtHash_OccOut(2^13)	0,6748461425304413	0,00978392726647043	0,020503284765964646
1	LinHashV1_OccOut(2^13)	0,5102586150169373	0,0	0,0
1	LinHashV2_OccOut(2^13)	0,0	0,0	NaN
1	BTree_OccOut(2^12)	0,9922626316547394	2,501415459121561E-4	3,560862230240312E-4
1	ExtHash_OccOut(2^12)	0,6748254895210266	0,009783632238530853	0,020503293986155604
1	LinHashV1_OccOut(2^12)	0,5102586150169373	0,0	0,0
1	LinHashV2_OccOut(2^12)	0,0	0,0	NaN
1	BTree_OccOut(2^11)	0,9834646284580231	2,501415459121561E-4	3,560862230240312E-4
1	ExtHash_OccOut(2^11)	0,6748152673244476	0,00979808860757009	0,020533900854227054
1	LinHashV1_OccOut(2^11)	0,5102586150169373	0,0	0,0
1	LinHashV2_OccOut(2^11)	0,0	0,0	NaN
1	BTree_OccOut(2^10)	0,98291015625	2,501415459121561E-4	3,560862230240312E-4
1	ExtHash_OccOut(2^10)	0,6748048365116119	0,009783337210591277	0,02050330320691094
1	LinHashV1_OccOut(2^10)	0,5102586150169373	0,0	0,0
1	LinHashV2_OccOut(2^10)	0,0	0,0	NaN
IO in
1	BTree_IO_insert(2^10)	47178,5	641,3458505361986	0,019224858781012537
1	ExtHash_IO_insert(2^10)	2134,0	4,242640687119285	0,002811621368322399
1	LinHashV1_IO_insert(2^10)	3912,5	0,7071067811865476	2,5559105431309905E-4
1	LinHashV2_IO_insert(2^10)	0,0	0,0	NaN
1	BTree_IO_insert(2^11)	184095,0	1499,0663761154808	0,011515793476194355
1	ExtHash_IO_insert(2^11)	4316,5	7,7781745930520225	0,002548360940576856
1	LinHashV1_IO_insert(2^11)	10545,0	0,0	0,0
1	LinHashV2_IO_insert(2^11)	0,0	0,0	NaN
1	BTree_IO_insert(2^12)	726788,0	3196,1226509631947	0,006219145060182611
1	ExtHash_IO_insert(2^12)	8671,5	4,949747468305833	8,072421149743411E-4
1	LinHashV1_IO_insert(2^12)	31892,5	0,7071067811865476	3,135533432625225E-5
1	LinHashV2_IO_insert(2^12)	0,0	0,0	NaN
1	BTree_IO_insert(2^13)	2855117,5	50462,67543937796	0,024995468662848373
1	ExtHash_IO_insert(2^13)	17397,5	7,7781745930520225	6,322747521195573E-4
1	LinHashV1_IO_insert(2^13)	107205,0	1,4142135623730951	1,8655846275826685E-5
1	LinHashV2_IO_insert(2^13)	0,0	0,0	NaN
1	BTree_IO_insert(2^14)	1,12606855E7	182028,37736050936	0,022860686412030595
1	ExtHash_IO_insert(2^14)	34843,5	40,30508652763321	0,0016358861767618062
1	LinHashV1_IO_insert(2^14)	388296,5	0,7071067811865476	2,575351567680883E-6
1	LinHashV2_IO_insert(2^14)	0,0	0,0	NaN
1	BTree_IO_insert(2^15)	4,4349341E7	177995,7473874025	0,005675935522920171
1	ExtHash_IO_insert(2^15)	69742,5	64,34671708797582	0,0013047997992615692
1	LinHashV1_IO_insert(2^15)	1474263,5	7,7781745930520225	7,461352736468074E-6
1	LinHashV2_IO_insert(2^15)	0,0	0,0	NaN
IO out
1	BTree_IO_deleting(2^14)	50064,0	0,0	0,0
1	ExtHash_IO_deleting(2^14)	34187,5	20,506096654409877	8,482632541133454E-4
1	LinHashV1_IO_deleting(2^14)	1879,0	0,0	0,0
1	LinHashV2_IO_deleting(2^14)	0,0	0,0	NaN
1	BTree_IO_deleting(2^13)	75552,0	0,0	0,0
1	ExtHash_IO_deleting(2^13)	51991,0	41,012193308819754	0,0011155776961397164
1	LinHashV1_IO_deleting(2^13)	3758,0	0,0	0,0
1	LinHashV2_IO_deleting(2^13)	0,0	0,0	NaN
1	BTree_IO_deleting(2^12)	88752,0	0,0	0,0
1	ExtHash_IO_deleting(2^12)	61602,5	61,518289963229634	0,0014122803457651879
1	LinHashV1_IO_deleting(2^12)	5637,0	0,0	0,0
1	LinHashV2_IO_deleting(2^12)	0,0	0,0	NaN
1	BTree_IO_deleting(2^11)	95808,0	0,0	0,0
1	ExtHash_IO_deleting(2^11)	67118,0	82,02438661763951	0,0017282994129741646
1	LinHashV1_IO_deleting(2^11)	7516,0	0,0	0,0
1	LinHashV2_IO_deleting(2^11)	0,0	0,0	NaN
1	BTree_IO_deleting(2^10)	99792,0	0,0	0,0
1	ExtHash_IO_deleting(2^10)	70585,5	102,5304832720494	0,002054246268709579
1	LinHashV1_IO_deleting(2^10)	9395,0	0,0	0,0
1	LinHashV2_IO_deleting(2^10)	0,0	0,0	NaN
1	BTree_IO_erased	102864,0	0,0	0,0
1	ExtHash_IO_erased	72633,5	102,5304832720494	0,001996324010270743
1	LinHashV1_IO_erased	9395,0	0,0	0,0
1	LinHashV2_IO_erased	0,0	0,0	NaN
IO successful search
1	BTree_IO_successfulSearch(2^10)	20000,0	0,0	0,0
1	ExtHash_IO_successfulSearch(2^10)	10000,0	0,0	0,0
1	LinHashV1_IO_insert(2^10)	195357,0	8739,839815465728	0,06326878484006204
1	LinHashV2_IO_insert(2^10)	0,0	0,0	NaN
1	BTree_IO_successfulSearch(2^11)	20000,0	0,0	0,0
1	ExtHash_IO_successfulSearch(2^11)	10000,0	0,0	0,0
1	LinHashV1_IO_insert(2^11)	323167,5	14315,376785121654	0,06264553211569851
1	LinHashV2_IO_insert(2^11)	0,0	0,0	NaN
1	BTree_IO_successfulSearch(2^12)	20000,0	0,0	0,0
1	ExtHash_IO_successfulSearch(2^12)	10000,0	0,0	0,0
1	LinHashV1_IO_insert(2^12)	589676,0	23328,866924906575	0,05594936880592053
1	LinHashV2_IO_insert(2^12)	0,0	0,0	NaN
1	BTree_IO_successfulSearch(2^13)	20000,0	0,0	0,0
1	ExtHash_IO_successfulSearch(2^13)	10000,0	0,0	0,0
1	LinHashV1_IO_insert(2^13)	1107477,5	55712,23618290689	0,07114275459320843
1	LinHashV2_IO_insert(2^13)	0,0	0,0	NaN
1	BTree_IO_successfulSearch(2^14)	20000,0	0,0	0,0
1	ExtHash_IO_successfulSearch(2^14)	10000,0	0,0	0,0
1	LinHashV1_IO_insert(2^14)	2122306,0	122608,07321706023	0,08170075380270328
1	LinHashV2_IO_insert(2^14)	0,0	0,0	NaN
1	BTree_IO_successfulSearch(2^15)	20000,0	0,0	0,0
1	ExtHash_IO_successfulSearch(2^15)	10000,0	0,0	0,0
1	LinHashV1_IO_insert(2^15)	4176492,5	274199,7462881758	0,09284752696191839
1	LinHashV2_IO_insert(2^15)	0,0	0,0	NaN
IO unfavorable search
1	BTree_IO_unfavorableSearch(2^10)	20000,0	0,0	0,0
1	ExtHash_IO_unfavorableSearch(2^10)	10000,0	0,0	0,0
1	LinHashV1_IO_unfavorableSearch(2^10)	320000,0	0,0	0,0
1	LinHashV2_IO_unfavorableSearch(2^10)	0,0	0,0	NaN
1	BTree_IO_unfavorableSearch(2^11)	20000,0	0,0	0,0
1	ExtHash_IO_unfavorableSearch(2^11)	10000,0	0,0	0,0
1	LinHashV1_IO_unfavorableSearch(2^11)	610000,0	0,0	0,0
1	LinHashV2_IO_unfavorableSearch(2^11)	0,0	0,0	NaN
1	BTree_IO_unfavorableSearch(2^12)	20000,0	0,0	0,0
1	ExtHash_IO_unfavorableSearch(2^12)	10000,0	0,0	0,0
1	LinHashV1_IO_unfavorableSearch(2^12)	1190000,0	0,0	0,0
1	LinHashV2_IO_unfavorableSearch(2^12)	0,0	0,0	NaN
1	BTree_IO_unfavorableSearch(2^13)	20000,0	0,0	0,0
1	ExtHash_IO_unfavorableSearch(2^13)	10000,0	0,0	0,0
1	LinHashV1_IO_unfavorableSearch(2^13)	2360000,0	0,0	0,0
1	LinHashV2_IO_unfavorableSearch(2^13)	0,0	0,0	NaN
1	BTree_IO_unfavorableSearch(2^14)	20000,0	0,0	0,0
1	ExtHash_IO_unfavorableSearch(2^14)	10000,0	0,0	0,0
1	LinHashV1_IO_unfavorableSearch(2^14)	4700000,0	0,0	0,0
1	LinHashV2_IO_unfavorableSearch(2^14)	0,0	0,0	NaN
1	BTree_IO_unfavorableSearch(2^15)	20000,0	0,0	0,0
1	ExtHash_IO_unfavorableSearch(2^15)	10000,0	0,0	0,0
1	LinHashV1_IO_unfavorableSearch(2^15)	9390000,0	0,0	0,0
1	LinHashV2_IO_unfavorableSearch(2^15)	0,0	0,0	NaN
Real DNA test 2
Occupation In
2	BTree_OccIn(2^10)	0,9768880208333334	0,015327158029939524	0,01811699729299325
2	ExtHash_OccIn(2^10)	0,7072710990905762	0,025318229958697088	0,04133489096572469
2	LinHashV1_OccIn(2^10)	0,49700927734375	0,0	0,0
2	LinHashV2_OccIn(2^10)	0,0	0,0	NaN
2	BTree_OccIn(2^11)	0,9870232939720154	0,006957718022944371	0,008139707336241118
2	ExtHash_OccIn(2^11)	0,6678591966629028	0,026398591172068293	0,04564205687539079
2	LinHashV1_OccIn(2^11)	0,5056992769241333	0,0	0,0
2	LinHashV2_OccIn(2^11)	0,0	0,0	NaN
2	BTree_OccIn(2^12)	0,9902176856994629	0,003898009090018263	0,004545498691706255
2	ExtHash_OccIn(2^12)	0,6916772127151489	0,0	0,0
2	LinHashV1_OccIn(2^12)	0,5103728771209717	0,0	0,0
2	LinHashV2_OccIn(2^12)	0,0	0,0	NaN
2	BTree_OccIn(2^13)	0,9909217158953348	0,0015962163314178267	0,0018600378089328295
2	ExtHash_OccIn(2^13)	0,6753924290339152	0,00480421642527912	0,00821364151312048
2	LinHashV1_OccIn(2^13)	0,5106180310249329	0,0	0,0
2	LinHashV2_OccIn(2^13)	0,0	0,0	NaN
2	BTree_OccIn(2^14)	0,9931437770525614	0,0010105053483854666	0,0011748863525870513
2	ExtHash_OccIn(2^14)	0,6774201194445292	0,011535243826653835	0,019662469233856013
2	LinHashV1_OccIn(2^14)	0,5107421875	0,0	0,0
2	LinHashV2_OccIn(2^14)	0,0	0,0	NaN
2	BTree_OccIn(2^15)	0,9933844010035197	2,0946327610870633E-4	2,4347811124180121E-4
2	ExtHash_OccIn(2^15)	0,6707198023796082	0,009978551081563754	0,017178914749866405
2	LinHashV1_OccIn(2^15)	0,5102586150169373	0,0	0,0
2	LinHashV2_OccIn(2^15)	0,0	0,0	NaN
Occupation Out
2	BTree_OccOut(2^14)	0,9931437770525614	2,0946327610870633E-4	2,4347811124180121E-4
2	ExtHash_OccOut(2^14)	0,6706992785135905	0,009978245244808382	0,01717891389684412
2	LinHashV1_OccOut(2^14)	0,5102586150169373	0,0	0,0
2	LinHashV2_OccOut(2^14)	0,0	0,0	NaN
2	BTree_OccOut(2^13)	0,9909217158953348	2,0946327610870633E-4	2,4347811124180121E-4
2	ExtHash_OccOut(2^13)	0,6706857085227966	0,009989506983514763	0,01719865049370695
2	LinHashV1_OccOut(2^13)	0,5102586150169373	0,0	0,0
2	LinHashV2_OccOut(2^13)	0,0	0,0	NaN
2	BTree_OccOut(2^12)	0,9902176856994629	2,0946327610870633E-4	2,4347811124180121E-4
2	ExtHash_OccOut(2^12)	0,6706719398498535	0,009980764224352588	0,017183951107118657
2	LinHashV1_OccOut(2^12)	0,5102586150169373	0,0	0,0
2	LinHashV2_OccOut(2^12)	0,0	0,0	NaN
2	BTree_OccOut(2^11)	0,9870232939720154	2,0946327610870633E-4	2,4347811124180121E-4
2	ExtHash_OccOut(2^11)	0,6706651250521342	0,009983602196713678	0,017189011923966418
2	LinHashV1_OccOut(2^11)	0,5102586150169373	0,0	0,0
2	LinHashV2_OccOut(2^11)	0,0	0,0	NaN
2	BTree_OccOut(2^10)	0,9768880208333334	2,0946327610870633E-4	2,4347811124180121E-4
2	ExtHash_OccOut(2^10)	0,6706581711769104	0,009972028062641832	0,017169262476082033
2	LinHashV1_OccOut(2^10)	0,5102586150169373	0,0	0,0
2	LinHashV2_OccOut(2^10)	0,0	0,0	NaN
IO in
2	BTree_IO_insert(2^10)	47219,333333333336	458,9818442306115	0,011223931919963338
2	ExtHash_IO_insert(2^10)	2133,6666666666665	3,0550504633038935	0,0016533362356285525
2	LinHashV1_IO_insert(2^10)	3912,3333333333335	0,5773502691896257	1,7040129504984237E-4
2	LinHashV2_IO_insert(2^10)	0,0	0,0	NaN
2	BTree_IO_insert(2^11)	183687,33333333334	1273,6468636687853	0,008006435133524312
2	ExtHash_IO_insert(2^11)	4319,666666666667	7,767453465154029	0,002076336761644218
2	LinHashV1_IO_insert(2^11)	10545,666666666666	1,1547005383792515	1,264342383917565E-4
2	LinHashV2_IO_insert(2^11)	0,0	0,0	NaN
2	BTree_IO_insert(2^12)	724609,6666666666	4398,068704935536	0,007008535125924809
2	ExtHash_IO_insert(2^12)	8673,0	4,358898943540674	5,803324059549369E-4
2	LinHashV1_IO_insert(2^12)	31893,0	1,0	3,620545381053057E-5
2	LinHashV2_IO_insert(2^12)	0,0	0,0	NaN
2	BTree_IO_insert(2^13)	2843982,0	40561,54443558578	0,016468612388286858
2	ExtHash_IO_insert(2^13)	17401,666666666668	9,073771725877467	6,020968736903252E-4
2	LinHashV1_IO_insert(2^13)	107205,33333333333	1,1547005383792515	1,2437192179493557E-5
2	LinHashV2_IO_insert(2^13)	0,0	0,0	NaN
2	BTree_IO_insert(2^14)	1,1191137E7	176289,95047648065	0,018189581695411627
2	ExtHash_IO_insert(2^14)	34845,666666666664	28,746014216467184	9,525729098408874E-4
2	LinHashV1_IO_insert(2^14)	388297,0	1,0	2,973756012483361E-6
2	LinHashV2_IO_insert(2^14)	0,0	0,0	NaN
2	BTree_IO_insert(2^15)	4,3976874E7	657294,6381273774	0,017258581692720543
2	ExtHash_IO_insert(2^15)	69762,66666666667	57,36142722538669	9,494371999257904E-4
2	LinHashV1_IO_insert(2^15)	1474265,0	6,082762530298219	4,764251453143425E-6
2	LinHashV2_IO_insert(2^15)	0,0	0,0	NaN
IO out
2	BTree_IO_deleting(2^14)	50058,0	10,392304845413264	2,3972192256981902E-4
2	ExtHash_IO_deleting(2^14)	34196,333333333336	21,07921567168317	7,117775302821427E-4
2	LinHashV1_IO_deleting(2^14)	1879,0	0,0	0,0
2	LinHashV2_IO_deleting(2^14)	0,0	0,0	NaN
2	BTree_IO_deleting(2^13)	75540,0	20,784609690826528	3,1771247021445596E-4
2	ExtHash_IO_deleting(2^13)	52008,666666666664	42,15843134336634	9,360048332215751E-4
2	LinHashV1_IO_deleting(2^13)	3758,0	0,0	0,0
2	LinHashV2_IO_deleting(2^13)	0,0	0,0	NaN
2	BTree_IO_deleting(2^12)	88734,0	31,176914536239792	4,057069443505308E-4
2	ExtHash_IO_deleting(2^12)	61629,0	63,23764701504951	0,0011848406603078866
2	LinHashV1_IO_deleting(2^12)	5637,0	0,0	0,0
2	LinHashV2_IO_deleting(2^12)	0,0	0,0	NaN
2	BTree_IO_deleting(2^11)	95784,0	41,569219381653056	5,011275369581559E-4
2	ExtHash_IO_deleting(2^11)	67153,33333333333	84,31686268673268	0,0014498271627938993
2	LinHashV1_IO_deleting(2^11)	7516,0	0,0	0,0
2	LinHashV2_IO_deleting(2^11)	0,0	0,0	NaN
2	BTree_IO_deleting(2^10)	99762,0	51,96152422706632	6,014314067480604E-4
2	ExtHash_IO_deleting(2^10)	70629,66666666667	105,39607835841583	0,0017230848475879995
2	LinHashV1_IO_deleting(2^10)	9395,0	0,0	0,0
2	LinHashV2_IO_deleting(2^10)	0,0	0,0	NaN
2	BTree_IO_erased	102834,0	51,96152422706632	5,834646128712294E-4
2	ExtHash_IO_erased	72677,66666666667	105,39607835841583	0,001674529659595445
2	LinHashV1_IO_erased	9395,0	0,0	0,0
2	LinHashV2_IO_erased	0,0	0,0	NaN
IO successful search
2	BTree_IO_successfulSearch(2^10)	20000,0	0,0	0,0
2	ExtHash_IO_successfulSearch(2^10)	10000,0	0,0	0,0
2	LinHashV1_IO_insert(2^10)	194722,0	6277,107215907658	0,03722321608073489
2	LinHashV2_IO_insert(2^10)	0,0	0,0	NaN
2	BTree_IO_successfulSearch(2^11)	20000,0	0,0	0,0
2	ExtHash_IO_successfulSearch(2^11)	10000,0	0,0	0,0
2	LinHashV1_IO_insert(2^11)	322707,3333333333	10153,830131203364	0,03633209384492447
2	LinHashV2_IO_insert(2^11)	0,0	0,0	NaN
2	BTree_IO_successfulSearch(2^12)	20000,0	0,0	0,0
2	ExtHash_IO_successfulSearch(2^12)	10000,0	0,0	0,0
2	LinHashV1_IO_insert(2^12)	584352,3333333334	18898,20881283021	0,0373435180212256
2	LinHashV2_IO_insert(2^12)	0,0	0,0	NaN
2	BTree_IO_successfulSearch(2^13)	20000,0	0,0	0,0
2	ExtHash_IO_successfulSearch(2^13)	10000,0	0,0	0,0
2	LinHashV1_IO_insert(2^13)	1093875,3333333333	45901,8893329385	0,04845427509902309
2	LinHashV2_IO_insert(2^13)	0,0	0,0	NaN
2	BTree_IO_successfulSearch(2^14)	20000,0	0,0	0,0
2	ExtHash_IO_successfulSearch(2^14)	10000,0	0,0	0,0
2	LinHashV1_IO_insert(2^14)	2117272,6666666665	87134,22486218221	0,04752053806939395
2	LinHashV2_IO_insert(2^14)	0,0	0,0	NaN
2	BTree_IO_successfulSearch(2^15)	20000,0	0,0	0,0
2	ExtHash_IO_successfulSearch(2^15)	10000,0	0,0	0,0
2	LinHashV1_IO_insert(2^15)	4141672,3333333335	203051,92058272517	0,056610987819770496
2	LinHashV2_IO_insert(2^15)	0,0	0,0	NaN
IO unfavorable search
2	BTree_IO_unfavorableSearch(2^10)	20000,0	0,0	0,0
2	ExtHash_IO_unfavorableSearch(2^10)	10000,0	0,0	0,0
2	LinHashV1_IO_unfavorableSearch(2^10)	320000,0	0,0	0,0
2	LinHashV2_IO_unfavorableSearch(2^10)	0,0	0,0	NaN
2	BTree_IO_unfavorableSearch(2^11)	20000,0	0,0	0,0
2	ExtHash_IO_unfavorableSearch(2^11)	10000,0	0,0	0,0
2	LinHashV1_IO_unfavorableSearch(2^11)	610000,0	0,0	0,0
2	LinHashV2_IO_unfavorableSearch(2^11)	0,0	0,0	NaN
2	BTree_IO_unfavorableSearch(2^12)	20000,0	0,0	0,0
2	ExtHash_IO_unfavorableSearch(2^12)	10000,0	0,0	0,0
2	LinHashV1_IO_unfavorableSearch(2^12)	1190000,0	0,0	0,0
2	LinHashV2_IO_unfavorableSearch(2^12)	0,0	0,0	NaN
2	BTree_IO_unfavorableSearch(2^13)	20000,0	0,0	0,0
2	ExtHash_IO_unfavorableSearch(2^13)	10000,0	0,0	0,0
2	LinHashV1_IO_unfavorableSearch(2^13)	2360000,0	0,0	0,0
2	LinHashV2_IO_unfavorableSearch(2^13)	0,0	0,0	NaN
2	BTree_IO_unfavorableSearch(2^14)	20000,0	0,0	0,0
2	ExtHash_IO_unfavorableSearch(2^14)	10000,0	0,0	0,0
2	LinHashV1_IO_unfavorableSearch(2^14)	4700000,0	0,0	0,0
2	LinHashV2_IO_unfavorableSearch(2^14)	0,0	0,0	NaN
2	BTree_IO_unfavorableSearch(2^15)	20000,0	0,0	0,0
2	ExtHash_IO_unfavorableSearch(2^15)	10000,0	0,0	0,0
2	LinHashV1_IO_unfavorableSearch(2^15)	9390000,0	0,0	0,0
2	LinHashV2_IO_unfavorableSearch(2^15)	0,0	0,0	NaN
Real DNA test 3
Occupation In
3	BTree_OccIn(2^10)	0,9755859375	0,012782652289109289	0,013102538482530443
3	ExtHash_OccIn(2^10)	0,7004084885120392	0,024813777247829526	0,03542757926955508
3	LinHashV1_OccIn(2^10)	0,49700927734375	0,0	0,0
3	LinHashV2_OccIn(2^10)	0,0	0,0	NaN
3	BTree_OccIn(2^11)	0,9869405329227448	0,005683363818166327	0,005758567642708425
3	ExtHash_OccIn(2^11)	0,6708551198244095	0,022371692670395092	0,0333480240506336
3	LinHashV1_OccIn(2^11)	0,5056992769241333	0,0	0,0
3	LinHashV2_OccIn(2^11)	0,0	0,0	NaN
3	BTree_OccIn(2^12)	0,9892121851444244	0,003764807481838508	0,003805864442812993
3	ExtHash_OccIn(2^12)	0,6858646720647812	0,011625081300735474	0,01694952630485896
3	LinHashV1_OccIn(2^12)	0,5103728771209717	0,0	0,0
3	LinHashV2_OccIn(2^12)	0,0	0,0	NaN
3	BTree_OccIn(2^13)	0,9915386438369751	0,0017947157783789742	0,0018100310961496468
3	ExtHash_OccIn(2^13)	0,6750687509775162	0,0039756844581436265	0,005889303056002426
3	LinHashV1_OccIn(2^13)	0,5106180310249329	0,0	0,0
3	LinHashV2_OccIn(2^13)	0,0	0,0	NaN
3	BTree_OccIn(2^14)	0,9933929890394211	9,639366319016465E-4	9,703477299892585E-4
3	ExtHash_OccIn(2^14)	0,6780306547880173	0,009497310867617351	0,014007199822826057
3	LinHashV1_OccIn(2^14)	0,5107421875	0,0	0,0
3	LinHashV2_OccIn(2^14)	0,0	0,0	NaN
3	BTree_OccIn(2^15)	0,9934948682785034	2,793957493021712E-4	2,812251559852537E-4
3	ExtHash_OccIn(2^15)	0,6694497019052505	0,008534260873176918	0,012748173386123638
3	LinHashV1_OccIn(2^15)	0,5102586150169373	0,0	0,0
3	LinHashV2_OccIn(2^15)	0,0	0,0	NaN
Occupation Out
3	BTree_OccOut(2^14)	0,9933929890394211	2,793957493021712E-4	2,812251559852537E-4
3	ExtHash_OccOut(2^14)	0,6694343090057373	0,008530973578684946	0,012743555960487577
3	LinHashV1_OccOut(2^14)	0,5102586150169373	0,0	0,0
3	LinHashV2_OccOut(2^14)	0,0	0,0	NaN
3	BTree_OccOut(2^13)	0,9915386438369751	2,793957493021712E-4	2,812251559852537E-4
3	ExtHash_OccOut(2^13)	0,6694241315126419	0,008537747911051479	0,012753869347015384
3	LinHashV1_OccOut(2^13)	0,5102586150169373	0,0	0,0
3	LinHashV2_OccOut(2^13)	0,0	0,0	NaN
3	BTree_OccOut(2^12)	0,9892121851444244	2,793957493021712E-4	2,812251559852537E-4
3	ExtHash_OccOut(2^12)	0,6694087088108063	0,008531907580769604	0,012745438576570657
3	LinHashV1_OccOut(2^12)	0,5102586150169373	0,0	0,0
3	LinHashV2_OccOut(2^12)	0,0	0,0	NaN
3	BTree_OccOut(2^11)	0,9869405329227448	2,793957493021712E-4	2,812251559852537E-4
3	ExtHash_OccOut(2^11)	0,6694035977125168	0,008533112765137903	0,012747336277093851
3	LinHashV1_OccOut(2^11)	0,5102586150169373	0,0	0,0
3	LinHashV2_OccOut(2^11)	0,0	0,0	NaN
3	BTree_OccOut(2^10)	0,9755859375	2,793957493021712E-4	2,812251559852537E-4
3	ExtHash_OccOut(2^10)	0,6693983823060989	0,008523057028877167	0,012732413543508967
3	LinHashV1_OccOut(2^10)	0,5102586150169373	0,0	0,0
3	LinHashV2_OccOut(2^10)	0,0	0,0	NaN
IO in
3	BTree_IO_insert(2^10)	47322,5	427,8040828853002	0,00904018348323314
3	ExtHash_IO_insert(2^10)	2134,5	3,000000000000042	0,0014054813773717696
3	LinHashV1_IO_insert(2^10)	3912,5	0,577350269189582	1,475655640101168E-4
3	LinHashV2_IO_insert(2^10)	0,0	0,0	NaN
3	BTree_IO_insert(2^11)	184054,25	1272,7773764488404	0,006915229485050416
3	ExtHash_IO_insert(2^11)	4319,25	6,396613687465183	0,001480954723034134
3	LinHashV1_IO_insert(2^11)	10545,5	0,9999999999998989	9,482717746905305E-5
3	LinHashV2_IO_insert(2^11)	0,0	0,0	NaN
3	BTree_IO_insert(2^12)	725860,0	4375,919636678303	0,006028600056041527
3	ExtHash_IO_insert(2^12)	8676,0	6,97614984548545	8,040744404662805E-4
3	LinHashV1_IO_insert(2^12)	31893,0	0,816496580927726	2,5601121905362494E-5
3	LinHashV2_IO_insert(2^12)	0,0	0,0	NaN
3	BTree_IO_insert(2^13)	2856426,0	41427,50859835366	0,014503266879083744
3	ExtHash_IO_insert(2^13)	17403,5	8,266397845091229	4,7498479300664973E-4
3	LinHashV1_IO_insert(2^13)	107205,5	1,0000000000008082	9,327879633048754E-6
3	LinHashV2_IO_insert(2^13)	0,0	0,0	NaN
3	BTree_IO_insert(2^14)	1,12709875E7	214995,75304410086	0,019075147855864526
3	ExtHash_IO_insert(2^14)	34846,0	23,480488353808465	6,738359741091794E-4
3	LinHashV1_IO_insert(2^14)	388298,25	2,6299556396765835	6,773029854439425E-6
3	LinHashV2_IO_insert(2^14)	0,0	0,0	NaN
3	BTree_IO_insert(2^15)	4,4432949E7	1058320,2650303924	0,023818366524139382
3	ExtHash_IO_insert(2^15)	69769,0	48,51803788283218	6,954096788377673E-4
3	LinHashV1_IO_insert(2^15)	1474266,75	6,075908711186061	4,121308922680418E-6
3	LinHashV2_IO_insert(2^15)	0,0	0,0	NaN
IO out
3	BTree_IO_deleting(2^14)	50064,75	15,945218719101975	3,184919273361392E-4
3	ExtHash_IO_deleting(2^14)	34199,0	18,01850900231908	5,268723939974584E-4
3	LinHashV1_IO_deleting(2^14)	1879,0	0,0	0,0
3	LinHashV2_IO_deleting(2^14)	0,0	0,0	NaN
3	BTree_IO_deleting(2^13)	75553,5	31,89043743820395	4,220908023877643E-4
3	ExtHash_IO_deleting(2^13)	52014,0	36,037018004639236	6,928330450386288E-4
3	LinHashV1_IO_deleting(2^13)	3758,0	0,0	0,0
3	LinHashV2_IO_deleting(2^13)	0,0	0,0	NaN
3	BTree_IO_deleting(2^12)	88754,25	47,83565615730592	5,389674991034899E-4
3	ExtHash_IO_deleting(2^12)	61637,0	54,055527006958314	8,76998020782295E-4
3	LinHashV1_IO_deleting(2^12)	5637,0	0,0	0,0
3	LinHashV2_IO_deleting(2^12)	0,0	0,0	NaN
3	BTree_IO_deleting(2^11)	95811,0	63,7808748764079	6,65694699736021E-4
3	ExtHash_IO_deleting(2^11)	67164,0	72,07403600927847	0,0010731051755297253
3	LinHashV1_IO_deleting(2^11)	7516,0	0,0	0,0
3	LinHashV2_IO_deleting(2^11)	0,0	0,0	NaN
3	BTree_IO_deleting(2^10)	99795,75	79,72609359550987	7,988926742422385E-4
3	ExtHash_IO_deleting(2^10)	70643,0	90,09254501159647	0,0012753216173095206
3	LinHashV1_IO_deleting(2^10)	9395,0	0,0	0,0
3	LinHashV2_IO_deleting(2^10)	0,0	0,0	NaN
3	BTree_IO_erased	102867,75	79,72609359550987	7,750348733739181E-4
3	ExtHash_IO_erased	72691,0	90,09254501159647	0,001239390639991147
3	LinHashV1_IO_erased	9395,0	0,0	0,0
3	LinHashV2_IO_erased	0,0	0,0	NaN
IO successful search
3	BTree_IO_successfulSearch(2^10)	20000,0	0,0	0,0
3	ExtHash_IO_successfulSearch(2^10)	10000,0	0,0	0,0
3	LinHashV1_IO_insert(2^10)	194652,75	5127,107591030249	0,026339764483318366
3	LinHashV2_IO_insert(2^10)	0,0	0,0	NaN
3	BTree_IO_successfulSearch(2^11)	20000,0	0,0	0,0
3	ExtHash_IO_successfulSearch(2^11)	10000,0	0,0	0,0
3	LinHashV1_IO_insert(2^11)	322971,25	8307,353303951064	0,025721649539861717
3	LinHashV2_IO_insert(2^11)	0,0	0,0	NaN
3	BTree_IO_successfulSearch(2^12)	20000,0	0,0	0,0
3	ExtHash_IO_successfulSearch(2^12)	10000,0	0,0	0,0
3	LinHashV1_IO_insert(2^12)	581318,0	16580,819621880386	0,028522804423534772
3	LinHashV2_IO_insert(2^12)	0,0	0,0	NaN
3	BTree_IO_successfulSearch(2^13)	20000,0	0,0	0,0
3	ExtHash_IO_successfulSearch(2^13)	10000,0	0,0	0,0
3	LinHashV1_IO_insert(2^13)	1092621,0	37562,60158721704	0,034378436426919345
3	LinHashV2_IO_insert(2^13)	0,0	0,0	NaN
3	BTree_IO_successfulSearch(2^14)	20000,0	0,0	0,0
3	ExtHash_IO_successfulSearch(2^14)	10000,0	0,0	0,0
3	LinHashV1_IO_insert(2^14)	2133747,5	78404,48091999168	0,03674496674043751
3	LinHashV2_IO_insert(2^14)	0,0	0,0	NaN
3	BTree_IO_successfulSearch(2^15)	20000,0	0,0	0,0
3	ExtHash_IO_successfulSearch(2^15)	10000,0	0,0	0,0
3	LinHashV1_IO_insert(2^15)	4146307,0	166050,11946798873	0,04004771462122528
3	LinHashV2_IO_insert(2^15)	0,0	0,0	NaN
IO unfavorable search
3	BTree_IO_unfavorableSearch(2^10)	20000,0	0,0	0,0
3	ExtHash_IO_unfavorableSearch(2^10)	10000,0	0,0	0,0
3	LinHashV1_IO_unfavorableSearch(2^10)	320000,0	0,0	0,0
3	LinHashV2_IO_unfavorableSearch(2^10)	0,0	0,0	NaN
3	BTree_IO_unfavorableSearch(2^11)	20000,0	0,0	0,0
3	ExtHash_IO_unfavorableSearch(2^11)	10000,0	0,0	0,0
3	LinHashV1_IO_unfavorableSearch(2^11)	610000,0	0,0	0,0
3	LinHashV2_IO_unfavorableSearch(2^11)	0,0	0,0	NaN
3	BTree_IO_unfavorableSearch(2^12)	20000,0	0,0	0,0
3	ExtHash_IO_unfavorableSearch(2^12)	10000,0	0,0	0,0
3	LinHashV1_IO_unfavorableSearch(2^12)	1190000,0	0,0	0,0
3	LinHashV2_IO_unfavorableSearch(2^12)	0,0	0,0	NaN
3	BTree_IO_unfavorableSearch(2^13)	20000,0	0,0	0,0
3	ExtHash_IO_unfavorableSearch(2^13)	10000,0	0,0	0,0
3	LinHashV1_IO_unfavorableSearch(2^13)	2360000,0	0,0	0,0
3	LinHashV2_IO_unfavorableSearch(2^13)	0,0	0,0	NaN
3	BTree_IO_unfavorableSearch(2^14)	20000,0	0,0	0,0
3	ExtHash_IO_unfavorableSearch(2^14)	10000,0	0,0	0,0
3	LinHashV1_IO_unfavorableSearch(2^14)	4700000,0	0,0	0,0
3	LinHashV2_IO_unfavorableSearch(2^14)	0,0	0,0	NaN
3	BTree_IO_unfavorableSearch(2^15)	20000,0	0,0	0,0
3	ExtHash_IO_unfavorableSearch(2^15)	10000,0	0,0	0,0
3	LinHashV1_IO_unfavorableSearch(2^15)	9390000,0	0,0	0,0
3	LinHashV2_IO_unfavorableSearch(2^15)	0,0	0,0	NaN
Real DNA test 4
Occupation In
4	BTree_OccIn(2^10)	0,9740234375	0,011608366849311888	0,010659742418289165
4	ExtHash_OccIn(2^10)	0,6932608127593994	0,026781318102420747	0,034552564750168206
4	LinHashV1_OccIn(2^10)	0,49700927734375	0,0	0,0
4	LinHashV2_OccIn(2^10)	0,0	0,0	NaN
4	BTree_OccIn(2^11)	0,9864936351776123	0,005022355641554461	0,004553634497468759
4	ExtHash_OccIn(2^11)	0,680867075920105	0,029606853919567813	0,03889331137041391
4	LinHashV1_OccIn(2^11)	0,5056992769241333	0,0	0,0
4	LinHashV2_OccIn(2^11)	0,0	0,0	NaN
4	BTree_OccIn(2^12)	0,9899975538253785	0,0037032892618046155	0,003345788683110525
4	ExtHash_OccIn(2^12)	0,6831303834915161	0,011778733227557707	0,015421974382717014
4	LinHashV1_OccIn(2^12)	0,5103728771209717	0,0	0,0
4	LinHashV2_OccIn(2^12)	0,0	0,0	NaN
4	BTree_OccIn(2^13)	0,9919088006019592	0,0017609184243426556	0,0015878610199939467
4	ExtHash_OccIn(2^13)	0,6729966282844544	0,00577260880872354	0,00767192295552728
4	LinHashV1_OccIn(2^13)	0,5106180310249329	0,0	0,0
4	LinHashV2_OccIn(2^13)	0,0	0,0	NaN
4	BTree_OccIn(2^14)	0,9934672355651856	8,511422358700601E-4	7,662907561692754E-4
4	ExtHash_OccIn(2^14)	0,6768648147583007	0,008628157402456722	0,011401476957758876
4	LinHashV1_OccIn(2^14)	0,5107421875	0,0	0,0
4	LinHashV2_OccIn(2^14)	0,0	0,0	NaN
4	BTree_OccIn(2^15)	0,9934356093406678	2,75870616617943E-4	2,483766218776516E-4
4	ExtHash_OccIn(2^15)	0,6691535115242004	0,0074205020179036315	0,009918648951814874
4	LinHashV1_OccIn(2^15)	0,5102586150169373	0,0	0,0
4	LinHashV2_OccIn(2^15)	0,0	0,0	NaN
Occupation Out
4	BTree_OccOut(2^14)	0,9934672355651856	2,75870616617943E-4	2,483766218776516E-4
4	ExtHash_OccOut(2^14)	0,6691371083259583	0,0074178685530596426	0,009915371977678077
4	LinHashV1_OccOut(2^14)	0,5102586150169373	0,0	0,0
4	LinHashV2_OccOut(2^14)	0,0	0,0	NaN
4	BTree_OccOut(2^13)	0,9919088006019592	2,75870616617943E-4	2,483766218776516E-4
4	ExtHash_OccOut(2^13)	0,6691248774528503	0,0074241241575021205	0,009923915160809647
4	LinHashV1_OccOut(2^13)	0,5102586150169373	0,0	0,0
4	LinHashV2_OccOut(2^13)	0,0	0,0	NaN
4	BTree_OccOut(2^12)	0,9899975538253785	2,75870616617943E-4	2,483766218776516E-4
4	ExtHash_OccOut(2^12)	0,6691125392913818	0,0074184679783817825	0,00991653733235052
4	LinHashV1_OccOut(2^12)	0,5102586150169373	0,0	0,0
4	LinHashV2_OccOut(2^12)	0,0	0,0	NaN
4	BTree_OccOut(2^11)	0,9864936351776123	2,75870616617943E-4	2,483766218776516E-4
4	ExtHash_OccOut(2^11)	0,6691043615341187	0,007420122744889814	0,009918870545649498
4	LinHashV1_OccOut(2^11)	0,5102586150169373	0,0	0,0
4	LinHashV2_OccOut(2^11)	0,0	0,0	NaN
4	BTree_OccOut(2^10)	0,9740234375	2,75870616617943E-4	2,483766218776516E-4
4	ExtHash_OccOut(2^10)	0,6691001892089844	0,0074112395355941125	0,009907057667231569
4	LinHashV1_OccOut(2^10)	0,5102586150169373	0,0	0,0
4	LinHashV2_OccOut(2^10)	0,0	0,0	NaN
IO in
4	BTree_IO_insert(2^10)	47339,8	372,50328857608713	0,007037990655628892
4	ExtHash_IO_insert(2^10)	2135,4	3,2863353450310253	0,0013765044915893224
4	LinHashV1_IO_insert(2^10)	3912,4	0,5477225575051315	1,2521673360510292E-4
4	LinHashV2_IO_insert(2^10)	0,0	0,0	NaN
4	BTree_IO_insert(2^11)	184150,6	1123,1154437545567	0,005455018835268591
4	ExtHash_IO_insert(2^11)	4317,2	7,190271204899033	0,0014896632253139587
4	LinHashV1_IO_insert(2^11)	10545,4	0,8944271909998311	7,586246135755155E-5
4	LinHashV2_IO_insert(2^11)	0,0	0,0	NaN
4	BTree_IO_insert(2^12)	726330,2	3932,803669139876	0,004842985378472412
4	ExtHash_IO_insert(2^12)	8676,6	6,18869937870632	6,379619898622984E-4
4	LinHashV1_IO_insert(2^12)	31893,0	0,7071067811865476	1,9830543756738964E-5
4	LinHashV2_IO_insert(2^12)	0,0	0,0	NaN
4	BTree_IO_insert(2^13)	2863722,4	39412,76590522416	0,01230979982492259
4	ExtHash_IO_insert(2^13)	17405,6	8,561541917201403	4,3995472075828964E-4
4	LinHashV1_IO_insert(2^13)	107204,6	2,190890230020941	1,8278989840238102E-5
4	LinHashV2_IO_insert(2^13)	0,0	0,0	NaN
4	BTree_IO_insert(2^14)	1,13179802E7	213796,51455694967	0,016895719252163485
4	ExtHash_IO_insert(2^14)	34849,4	21,70944494914601	5,571837065783622E-4
4	LinHashV1_IO_insert(2^14)	388298,0	2,345207879911715	5,402082154274045E-6
4	LinHashV2_IO_insert(2^14)	0,0	0,0	NaN
4	BTree_IO_insert(2^15)	4,47100158E7	1106282,6925527218	0,02213126753472886
4	ExtHash_IO_insert(2^15)	69772,4	42,70011709585764	5,473818557110753E-4
4	LinHashV1_IO_insert(2^15)	1474264,2	7,758865896508329	4,707257104363647E-6
4	LinHashV2_IO_insert(2^15)	0,0	0,0	NaN
IO out
4	BTree_IO_deleting(2^14)	50069,0	16,76305461424021	2,994533913438065E-4
4	ExtHash_IO_deleting(2^14)	34199,6	15,662056059151057	4,096120658215211E-4
4	LinHashV1_IO_deleting(2^14)	1879,0	0,0	0,0
4	LinHashV2_IO_deleting(2^14)	0,0	0,0	NaN
4	BTree_IO_deleting(2^13)	75562,0	33,52610922848042	3,9684846486840076E-4
4	ExtHash_IO_deleting(2^13)	52015,2	31,32411211830304	5,386336611709695E-4
4	LinHashV1_IO_deleting(2^13)	3758,0	0,0	0,0
4	LinHashV2_IO_deleting(2^13)	0,0	0,0	NaN
4	BTree_IO_deleting(2^12)	88767,0	50,28916384272063	5,067197894891023E-4
4	ExtHash_IO_deleting(2^12)	61638,8	46,9861681774541	6,818060445500221E-4
4	LinHashV1_IO_deleting(2^12)	5637,0	0,0	0,0
4	LinHashV2_IO_deleting(2^12)	0,0	0,0	NaN
4	BTree_IO_deleting(2^11)	95828,0	67,05221845696084	6,258434633381913E-4
4	ExtHash_IO_deleting(2^11)	67166,4	62,64822423660608	8,342605115813923E-4
4	LinHashV1_IO_deleting(2^11)	7516,0	0,0	0,0
4	LinHashV2_IO_deleting(2^11)	0,0	0,0	NaN
4	BTree_IO_deleting(2^10)	99817,0	83,81527307120105	7,510409975852334E-4
4	ExtHash_IO_deleting(2^10)	70646,0	78,3102802957562	9,914622771473158E-4
4	LinHashV1_IO_deleting(2^10)	9395,0	0,0	0,0
4	LinHashV2_IO_deleting(2^10)	0,0	0,0	NaN
4	BTree_IO_erased	102889,0	83,81527307120105	7,286168517136452E-4
4	ExtHash_IO_erased	72694,0	78,3102802957562	9,635299203696216E-4
4	LinHashV1_IO_erased	9395,0	0,0	0,0
4	LinHashV2_IO_erased	0,0	0,0	NaN
IO successful search
4	BTree_IO_successfulSearch(2^10)	20000,0	0,0	0,0
4	ExtHash_IO_successfulSearch(2^10)	10000,0	0,0	0,0
4	LinHashV1_IO_insert(2^10)	194348,2	4492,123963115889	0,020673604478730203
4	LinHashV2_IO_insert(2^10)	0,0	0,0	NaN
4	BTree_IO_successfulSearch(2^11)	20000,0	0,0	0,0
4	ExtHash_IO_successfulSearch(2^11)	10000,0	0,0	0,0
4	LinHashV1_IO_insert(2^11)	320895,4	8561,82546540164	0,023864254522971456
4	LinHashV2_IO_insert(2^11)	0,0	0,0	NaN
4	BTree_IO_successfulSearch(2^12)	20000,0	0,0	0,0
4	ExtHash_IO_successfulSearch(2^12)	10000,0	0,0	0,0
4	LinHashV1_IO_insert(2^12)	578215,2	15947,712177613446	0,02466913254078749
4	LinHashV2_IO_insert(2^12)	0,0	0,0	NaN
4	BTree_IO_successfulSearch(2^13)	20000,0	0,0	0,0
4	ExtHash_IO_successfulSearch(2^13)	10000,0	0,0	0,0
4	LinHashV1_IO_insert(2^13)	1087578,0	34429,21758477819	0,02831468489862618
4	LinHashV2_IO_insert(2^13)	0,0	0,0	NaN
4	BTree_IO_successfulSearch(2^14)	20000,0	0,0	0,0
4	ExtHash_IO_successfulSearch(2^14)	10000,0	0,0	0,0
4	LinHashV1_IO_insert(2^14)	2117184,8	77343,79178512005	0,03267470578272019
4	LinHashV2_IO_insert(2^14)	0,0	0,0	NaN
4	BTree_IO_successfulSearch(2^15)	20000,0	0,0	0,0
4	ExtHash_IO_successfulSearch(2^15)	10000,0	0,0	0,0
4	LinHashV1_IO_insert(2^15)	4125456,8	151172,53663182343	0,03277523771329607
4	LinHashV2_IO_insert(2^15)	0,0	0,0	NaN
IO unfavorable search
4	BTree_IO_unfavorableSearch(2^10)	20000,0	0,0	0,0
4	ExtHash_IO_unfavorableSearch(2^10)	10000,0	0,0	0,0
4	LinHashV1_IO_unfavorableSearch(2^10)	320000,0	0,0	0,0
4	LinHashV2_IO_unfavorableSearch(2^10)	0,0	0,0	NaN
4	BTree_IO_unfavorableSearch(2^11)	20000,0	0,0	0,0
4	ExtHash_IO_unfavorableSearch(2^11)	10000,0	0,0	0,0
4	LinHashV1_IO_unfavorableSearch(2^11)	610000,0	0,0	0,0
4	LinHashV2_IO_unfavorableSearch(2^11)	0,0	0,0	NaN
4	BTree_IO_unfavorableSearch(2^12)	20000,0	0,0	0,0
4	ExtHash_IO_unfavorableSearch(2^12)	10000,0	0,0	0,0
4	LinHashV1_IO_unfavorableSearch(2^12)	1190000,0	0,0	0,0
4	LinHashV2_IO_unfavorableSearch(2^12)	0,0	0,0	NaN
4	BTree_IO_unfavorableSearch(2^13)	20000,0	0,0	0,0
4	ExtHash_IO_unfavorableSearch(2^13)	10000,0	0,0	0,0
4	LinHashV1_IO_unfavorableSearch(2^13)	2360000,0	0,0	0,0
4	LinHashV2_IO_unfavorableSearch(2^13)	0,0	0,0	NaN
4	BTree_IO_unfavorableSearch(2^14)	20000,0	0,0	0,0
4	ExtHash_IO_unfavorableSearch(2^14)	10000,0	0,0	0,0
4	LinHashV1_IO_unfavorableSearch(2^14)	4699920,2	178,4382246044832	3,395802337239683E-5
4	LinHashV2_IO_unfavorableSearch(2^14)	0,0	0,0	NaN
4	BTree_IO_unfavorableSearch(2^15)	20000,0	0,0	0,0
4	ExtHash_IO_unfavorableSearch(2^15)	10000,0	0,0	0,0
4	LinHashV1_IO_unfavorableSearch(2^15)	9390000,0	0,0	0,0
4	LinHashV2_IO_unfavorableSearch(2^15)	0,0	0,0	NaN
Fake DNA test 0
Occupation In
0	BTree_OccIn(2^10)	0,970703125	0,0	0,0
0	ExtHash_OccIn(2^10)	0,8088048696517944	0,0	0,0
0	LinHashV1_OccIn(2^10)	0,49700927734375	0,0	0,0
0	LinHashV2_OccIn(2^10)	0,0	0,0	NaN
0	BTree_OccIn(2^11)	0,9866922497749329	0,0	0,0
0	ExtHash_OccIn(2^11)	0,703906238079071	0,0	0,0
0	LinHashV1_OccIn(2^11)	0,5056992769241333	0,0	0,0
0	LinHashV2_OccIn(2^11)	0,0	0,0	NaN
0	BTree_OccIn(2^12)	0,9861956834793091	0,0	0,0
0	ExtHash_OccIn(2^12)	0,7165980339050293	0,0	0,0
0	LinHashV1_OccIn(2^12)	0,5103728771209717	0,0	0,0
0	LinHashV2_OccIn(2^12)	0,0	0,0	NaN
0	BTree_OccIn(2^13)	0,9902759194374084	0,0	0,0
0	ExtHash_OccIn(2^13)	0,7166038751602173	0,0	0,0
0	LinHashV1_OccIn(2^13)	0,5106180310249329	0,0	0,0
0	LinHashV2_OccIn(2^13)	0,0	0,0	NaN
0	BTree_OccIn(2^14)	0,9923291206359863	0,0	0,0
0	ExtHash_OccIn(2^14)	0,698773980140686	0,0	0,0
0	LinHashV1_OccIn(2^14)	0,5107421875	0,0	0,0
0	LinHashV2_OccIn(2^14)	0,0	0,0	NaN
0	BTree_OccIn(2^15)	0,9932964444160461	0,0	0,0
0	ExtHash_OccIn(2^15)	0,7049673795700073	0,0	0,0
0	LinHashV1_OccIn(2^15)	0,5102586150169373	0,0	0,0
0	LinHashV2_OccIn(2^15)	0,0	0,0	NaN
Occupation Out
0	BTree_OccOut(2^14)	0,9923291206359863	0,0	0,0
0	ExtHash_OccOut(2^14)	0,7049673795700073	0,0	0,0
0	LinHashV1_OccOut(2^14)	0,5102586150169373	0,0	0,0
0	LinHashV2_OccOut(2^14)	0,0	0,0	NaN
0	BTree_OccOut(2^13)	0,9902759194374084	0,0	0,0
0	ExtHash_OccOut(2^13)	0,7049458026885986	0,0	0,0
0	LinHashV1_OccOut(2^13)	0,5102586150169373	0,0	0,0
0	LinHashV2_OccOut(2^13)	0,0	0,0	NaN
0	BTree_OccOut(2^12)	0,9861956834793091	0,0	0,0
0	ExtHash_OccOut(2^12)	0,7049458026885986	0,0	0,0
0	LinHashV1_OccOut(2^12)	0,5102586150169373	0,0	0,0
0	LinHashV2_OccOut(2^12)	0,0	0,0	NaN
0	BTree_OccOut(2^11)	0,9866922497749329	0,0	0,0
0	ExtHash_OccOut(2^11)	0,7049458026885986	0,0	0,0
0	LinHashV1_OccOut(2^11)	0,5102586150169373	0,0	0,0
0	LinHashV2_OccOut(2^11)	0,0	0,0	NaN
0	BTree_OccOut(2^10)	0,970703125	0,0	0,0
0	ExtHash_OccOut(2^10)	0,7049242258071899	0,0	0,0
0	LinHashV1_OccOut(2^10)	0,5102586150169373	0,0	0,0
0	LinHashV2_OccOut(2^10)	0,0	0,0	NaN
IO in
0	BTree_IO_insert(2^10)	47628,0	0,0	0,0
0	ExtHash_IO_insert(2^10)	2123,0	0,0	0,0
0	LinHashV1_IO_insert(2^10)	3914,0	0,0	0,0
0	LinHashV2_IO_insert(2^10)	0,0	0,0	NaN
0	BTree_IO_insert(2^11)	185155,0	0,0	0,0
0	ExtHash_IO_insert(2^11)	4305,0	0,0	0,0
0	LinHashV1_IO_insert(2^11)	10548,0	0,0	0,0
0	LinHashV2_IO_insert(2^11)	0,0	0,0	NaN
0	BTree_IO_insert(2^12)	729827,0	0,0	0,0
0	ExtHash_IO_insert(2^12)	8651,0	0,0	0,0
0	LinHashV1_IO_insert(2^12)	31895,0	0,0	0,0
0	LinHashV2_IO_insert(2^12)	0,0	0,0	NaN
0	BTree_IO_insert(2^13)	2897726,0	0,0	0,0
0	ExtHash_IO_insert(2^13)	17345,0	0,0	0,0
0	LinHashV1_IO_insert(2^13)	107206,0	0,0	0,0
0	LinHashV2_IO_insert(2^13)	0,0	0,0	NaN
0	BTree_IO_insert(2^14)	1,1547663E7	0,0	0,0
0	ExtHash_IO_insert(2^14)	34766,0	0,0	0,0
0	LinHashV1_IO_insert(2^14)	388301,0	0,0	0,0
0	LinHashV2_IO_insert(2^14)	0,0	0,0	NaN
0	BTree_IO_insert(2^15)	4,6100194E7	0,0	0,0
0	ExtHash_IO_insert(2^15)	69566,0	0,0	0,0
0	LinHashV1_IO_insert(2^15)	1474276,0	0,0	0,0
0	LinHashV2_IO_insert(2^15)	0,0	0,0	NaN
IO out
0	BTree_IO_deleting(2^14)	50090,0	0,0	0,0
0	ExtHash_IO_deleting(2^14)	34127,0	0,0	0,0
0	LinHashV1_IO_deleting(2^14)	1879,0	0,0	0,0
0	LinHashV2_IO_deleting(2^14)	0,0	0,0	NaN
0	BTree_IO_deleting(2^13)	75604,0	0,0	0,0
0	ExtHash_IO_deleting(2^13)	51870,0	0,0	0,0
0	LinHashV1_IO_deleting(2^13)	3758,0	0,0	0,0
0	LinHashV2_IO_deleting(2^13)	0,0	0,0	NaN
0	BTree_IO_deleting(2^12)	88830,0	0,0	0,0
0	ExtHash_IO_deleting(2^12)	61421,0	0,0	0,0
0	LinHashV1_IO_deleting(2^12)	5637,0	0,0	0,0
0	LinHashV2_IO_deleting(2^12)	0,0	0,0	NaN
0	BTree_IO_deleting(2^11)	95912,0	0,0	0,0
0	ExtHash_IO_deleting(2^11)	66876,0	0,0	0,0
0	LinHashV1_IO_deleting(2^11)	7516,0	0,0	0,0
0	LinHashV2_IO_deleting(2^11)	0,0	0,0	NaN
0	BTree_IO_deleting(2^10)	99922,0	0,0	0,0
0	ExtHash_IO_deleting(2^10)	70283,0	0,0	0,0
0	LinHashV1_IO_deleting(2^10)	9395,0	0,0	0,0
0	LinHashV2_IO_deleting(2^10)	0,0	0,0	NaN
0	BTree_IO_erased	102994,0	0,0	0,0
0	ExtHash_IO_erased	72331,0	0,0	0,0
0	LinHashV1_IO_erased	9395,0	0,0	0,0
0	LinHashV2_IO_erased	0,0	0,0	NaN
IO successful search
0	BTree_IO_successfulSearch(2^10)	20000,0	0,0	0,0
0	ExtHash_IO_successfulSearch(2^10)	10000,0	0,0	0,0
0	LinHashV1_IO_insert(2^10)	193767,0	0,0	0,0
0	LinHashV2_IO_insert(2^10)	0,0	0,0	NaN
0	BTree_IO_successfulSearch(2^11)	20000,0	0,0	0,0
0	ExtHash_IO_successfulSearch(2^11)	10000,0	0,0	0,0
0	LinHashV1_IO_insert(2^11)	327769,0	0,0	0,0
0	LinHashV2_IO_insert(2^11)	0,0	0,0	NaN
0	BTree_IO_successfulSearch(2^12)	20000,0	0,0	0,0
0	ExtHash_IO_successfulSearch(2^12)	10000,0	0,0	0,0
0	LinHashV1_IO_insert(2^12)	587895,0	0,0	0,0
0	LinHashV2_IO_insert(2^12)	0,0	0,0	NaN
0	BTree_IO_successfulSearch(2^13)	20000,0	0,0	0,0
0	ExtHash_IO_successfulSearch(2^13)	10000,0	0,0	0,0
0	LinHashV1_IO_insert(2^13)	1117544,0	0,0	0,0
0	LinHashV2_IO_insert(2^13)	0,0	0,0	NaN
0	BTree_IO_successfulSearch(2^14)	20000,0	0,0	0,0
0	ExtHash_IO_successfulSearch(2^14)	10000,0	0,0	0,0
0	LinHashV1_IO_insert(2^14)	2181741,0	0,0	0,0
0	LinHashV2_IO_insert(2^14)	0,0	0,0	NaN
0	BTree_IO_successfulSearch(2^15)	20000,0	0,0	0,0
0	ExtHash_IO_successfulSearch(2^15)	10000,0	0,0	0,0
0	LinHashV1_IO_insert(2^15)	4301168,0	0,0	0,0
0	LinHashV2_IO_insert(2^15)	0,0	0,0	NaN
IO unfavorable search
0	BTree_IO_unfavorableSearch(2^10)	20000,0	0,0	0,0
0	ExtHash_IO_unfavorableSearch(2^10)	10000,0	0,0	0,0
0	LinHashV1_IO_unfavorableSearch(2^10)	320000,0	0,0	0,0
0	LinHashV2_IO_unfavorableSearch(2^10)	0,0	0,0	NaN
0	BTree_IO_unfavorableSearch(2^11)	20000,0	0,0	0,0
0	ExtHash_IO_unfavorableSearch(2^11)	10000,0	0,0	0,0
0	LinHashV1_IO_unfavorableSearch(2^11)	609944,0	0,0	0,0
0	LinHashV2_IO_unfavorableSearch(2^11)	0,0	0,0	NaN
0	BTree_IO_unfavorableSearch(2^12)	20000,0	0,0	0,0
0	ExtHash_IO_unfavorableSearch(2^12)	10000,0	0,0	0,0
0	LinHashV1_IO_unfavorableSearch(2^12)	1190000,0	0,0	0,0
0	LinHashV2_IO_unfavorableSearch(2^12)	0,0	0,0	NaN
0	BTree_IO_unfavorableSearch(2^13)	20000,0	0,0	0,0
0	ExtHash_IO_unfavorableSearch(2^13)	10000,0	0,0	0,0
0	LinHashV1_IO_unfavorableSearch(2^13)	2360000,0	0,0	0,0
0	LinHashV2_IO_unfavorableSearch(2^13)	0,0	0,0	NaN
0	BTree_IO_unfavorableSearch(2^14)	20000,0	0,0	0,0
0	ExtHash_IO_unfavorableSearch(2^14)	10000,0	0,0	0,0
0	LinHashV1_IO_unfavorableSearch(2^14)	4700000,0	0,0	0,0
0	LinHashV2_IO_unfavorableSearch(2^14)	0,0	0,0	NaN
0	BTree_IO_unfavorableSearch(2^15)	20000,0	0,0	0,0
0	ExtHash_IO_unfavorableSearch(2^15)	10000,0	0,0	0,0
0	LinHashV1_IO_unfavorableSearch(2^15)	9389224,0	0,0	0,0
0	LinHashV2_IO_unfavorableSearch(2^15)	0,0	0,0	NaN
Fake DNA test 1
Occupation In
1	BTree_OccIn(2^10)	0,970703125	0,0	0,0
1	ExtHash_OccIn(2^10)	0,8200654089450836	0,01592480738820471	0,027462539379083245
1	LinHashV1_OccIn(2^10)	0,49700927734375	0,0	0,0
1	LinHashV2_OccIn(2^10)	0,0	0,0	NaN
1	BTree_OccIn(2^11)	0,9866922497749329	0,0	0,0
1	ExtHash_OccIn(2^11)	0,7213348746299744	0,024647814183958918	0,04832328829198435
1	LinHashV1_OccIn(2^11)	0,5056992769241333	0,0	0,0
1	LinHashV2_OccIn(2^11)	0,0	0,0	NaN
1	BTree_OccIn(2^12)	0,9861956834793091	0,0	0,0
1	ExtHash_OccIn(2^12)	0,7021444141864777	0,02044050503135892	0,0411699343511775
1	LinHashV1_OccIn(2^12)	0,5103728771209717	0,0	0,0
1	LinHashV2_OccIn(2^12)	0,0	0,0	NaN
1	BTree_OccIn(2^13)	0,9902136027812958	8,812906023627942E-5	1,2586507787337378E-4
1	ExtHash_OccIn(2^13)	0,7166038751602173	0,0	0,0
1	LinHashV1_OccIn(2^13)	0,5106180310249329	0,0	0,0
1	LinHashV2_OccIn(2^13)	0,0	0,0	NaN
1	BTree_OccIn(2^14)	0,9922978579998016	4,421204408792784E-5	6,301058887239607E-5
1	ExtHash_OccIn(2^14)	0,7039645314216614	0,00734054801774837	0,014746627278203878
1	LinHashV1_OccIn(2^14)	0,5107421875	0,0	0,0
1	LinHashV2_OccIn(2^14)	0,0	0,0	NaN
1	BTree_OccIn(2^15)	0,9932964444160461	0,0	0,0
1	ExtHash_OccIn(2^15)	0,706011563539505	0,0014766991312761943	0,002957979793596548
1	LinHashV1_OccIn(2^15)	0,5102586150169373	0,0	0,0
1	LinHashV2_OccIn(2^15)	0,0	0,0	NaN
Occupation Out
1	BTree_OccOut(2^14)	0,9922978579998016	0,0	0,0
1	ExtHash_OccOut(2^14)	0,7060007452964783	0,0014613998252667397	0,002927378571072174
1	LinHashV1_OccOut(2^14)	0,5102586150169373	0,0	0,0
1	LinHashV2_OccOut(2^14)	0,0	0,0	NaN
1	BTree_OccOut(2^13)	0,9902136027812958	0,0	0,0
1	ExtHash_OccOut(2^13)	0,7059791386127472	0,0014613576784182289	0,002927383735953077
1	LinHashV1_OccOut(2^13)	0,5102586150169373	0,0	0,0
1	LinHashV2_OccOut(2^13)	0,0	0,0	NaN
1	BTree_OccOut(2^12)	0,9861956834793091	0,0	0,0
1	ExtHash_OccOut(2^12)	0,7059683203697205	0,0014460583724087742	0,002896780639069828
1	LinHashV1_OccOut(2^12)	0,5102586150169373	0,0	0,0
1	LinHashV2_OccOut(2^12)	0,0	0,0	NaN
1	BTree_OccOut(2^11)	0,9866922497749329	0,0	0,0
1	ExtHash_OccOut(2^11)	0,7059683203697205	0,0014460583724087742	0,002896780639069828
1	LinHashV1_OccOut(2^11)	0,5102586150169373	0,0	0,0
1	LinHashV2_OccOut(2^11)	0,0	0,0	NaN
1	BTree_OccOut(2^10)	0,970703125	0,0	0,0
1	ExtHash_OccOut(2^10)	0,7059575319290161	0,0014613155315697179	0,0029273889011501345
1	LinHashV1_OccOut(2^10)	0,5102586150169373	0,0	0,0
1	LinHashV2_OccOut(2^10)	0,0	0,0	NaN
IO in
1	BTree_IO_insert(2^10)	47628,0	0,0	0,0
1	ExtHash_IO_insert(2^10)	2122,0	1,4142135623730951	9,42507068803016E-4
1	LinHashV1_IO_insert(2^10)	3914,0	0,0	0,0
1	LinHashV2_IO_insert(2^10)	0,0	0,0	NaN
1	BTree_IO_insert(2^11)	185155,0	0,0	0,0
1	ExtHash_IO_insert(2^11)	4300,5	6,363961030678928	0,0020927799093128706
1	LinHashV1_IO_insert(2^11)	10548,0	0,0	0,0
1	LinHashV2_IO_insert(2^11)	0,0	0,0	NaN
1	BTree_IO_insert(2^12)	729747,5	112,42997820866105	2,1788358302015422E-4
1	ExtHash_IO_insert(2^12)	8655,5	6,363961030678928	0,0010398012824215815
1	LinHashV1_IO_insert(2^12)	31896,0	1,4142135623730951	6,270378730875344E-5
1	LinHashV2_IO_insert(2^12)	0,0	0,0	NaN
1	BTree_IO_insert(2^13)	2897469,0	363,4528855298854	1,7739620337611894E-4
1	ExtHash_IO_insert(2^13)	17346,0	1,4142135623730951	1,1530035743110804E-4
1	LinHashV1_IO_insert(2^13)	107206,5	0,7071067811865476	9,327792624514372E-6
1	LinHashV2_IO_insert(2^13)	0,0	0,0	NaN
1	BTree_IO_insert(2^14)	1,1547055E7	859,8418459228418	1,053082366023198E-4
1	ExtHash_IO_insert(2^14)	34757,0	12,727922061357855	5,17881290099836E-4
1	LinHashV1_IO_insert(2^14)	388301,5	0,7071067811865476	2,5753184059294127E-6
1	LinHashV2_IO_insert(2^14)	0,0	0,0	NaN
1	BTree_IO_insert(2^15)	4,6099438E7	1069,1454531540599	3,27986644869727E-5
1	ExtHash_IO_insert(2^15)	69558,0	11,313708498984761	2,3002386497599124E-4
1	LinHashV1_IO_insert(2^15)	1474274,5	2,1213203435596424	2,0348991995723994E-6
1	LinHashV2_IO_insert(2^15)	0,0	0,0	NaN
IO out
1	BTree_IO_deleting(2^14)	50090,0	0,0	0,0
1	ExtHash_IO_deleting(2^14)	34125,0	2,8284271247461903	1,1721611721611722E-4
1	LinHashV1_IO_deleting(2^14)	1879,0	0,0	0,0
1	LinHashV2_IO_deleting(2^14)	0,0	0,0	NaN
1	BTree_IO_deleting(2^13)	75604,0	0,0	0,0
1	ExtHash_IO_deleting(2^13)	51866,0	5,656854249492381	1,5424362781012608E-4
1	LinHashV1_IO_deleting(2^13)	3758,0	0,0	0,0
1	LinHashV2_IO_deleting(2^13)	0,0	0,0	NaN
1	BTree_IO_deleting(2^12)	88830,0	0,0	0,0
1	ExtHash_IO_deleting(2^12)	61415,0	8,48528137423857	1,9539200521045345E-4
1	LinHashV1_IO_deleting(2^12)	5637,0	0,0	0,0
1	LinHashV2_IO_deleting(2^12)	0,0	0,0	NaN
1	BTree_IO_deleting(2^11)	95912,0	0,0	0,0
1	ExtHash_IO_deleting(2^11)	66868,0	11,313708498984761	2,3927738230543758E-4
1	LinHashV1_IO_deleting(2^11)	7516,0	0,0	0,0
1	LinHashV2_IO_deleting(2^11)	0,0	0,0	NaN
1	BTree_IO_deleting(2^10)	99922,0	0,0	0,0
1	ExtHash_IO_deleting(2^10)	70273,0	14,142135623730951	2,846043288318415E-4
1	LinHashV1_IO_deleting(2^10)	9395,0	0,0	0,0
1	LinHashV2_IO_deleting(2^10)	0,0	0,0	NaN
1	BTree_IO_erased	102994,0	0,0	0,0
1	ExtHash_IO_erased	72321,0	14,142135623730951	2,7654484866083154E-4
1	LinHashV1_IO_erased	9395,0	0,0	0,0
1	LinHashV2_IO_erased	0,0	0,0	NaN
IO successful search
1	BTree_IO_successfulSearch(2^10)	20000,0	0,0	0,0
1	ExtHash_IO_successfulSearch(2^10)	10000,0	0,0	0,0
1	LinHashV1_IO_insert(2^10)	196008,5	3169,9597000592926	0,022871457105176556
1	LinHashV2_IO_insert(2^10)	0,0	0,0	NaN
1	BTree_IO_successfulSearch(2^11)	20000,0	0,0	0,0
1	ExtHash_IO_successfulSearch(2^11)	10000,0	0,0	0,0
1	LinHashV1_IO_insert(2^11)	330485,5	3841,711142186513	0,016439450444875797
1	LinHashV2_IO_insert(2^11)	0,0	0,0	NaN
1	BTree_IO_successfulSearch(2^12)	20000,0	0,0	0,0
1	ExtHash_IO_successfulSearch(2^12)	10000,0	0,0	0,0
1	LinHashV1_IO_insert(2^12)	595451,5	10686,504784072293	0,02538074049691704
1	LinHashV2_IO_insert(2^12)	0,0	0,0	NaN
1	BTree_IO_successfulSearch(2^13)	20000,0	0,0	0,0
1	ExtHash_IO_successfulSearch(2^13)	10000,0	0,0	0,0
1	LinHashV1_IO_insert(2^13)	1137778,0	28615,197221057206	0,03556757117820875
1	LinHashV2_IO_insert(2^13)	0,0	0,0	NaN
1	BTree_IO_successfulSearch(2^14)	20000,0	0,0	0,0
1	ExtHash_IO_successfulSearch(2^14)	10000,0	0,0	0,0
1	LinHashV1_IO_insert(2^14)	2222230,5	57260,80003370543	0,036440414259456884
1	LinHashV2_IO_insert(2^14)	0,0	0,0	NaN
1	BTree_IO_successfulSearch(2^15)	20000,0	0,0	0,0
1	ExtHash_IO_successfulSearch(2^15)	10000,0	0,0	0,0
1	LinHashV1_IO_insert(2^15)	4350907,0	70341,56837887538	0,02286373852624292
1	LinHashV2_IO_insert(2^15)	0,0	0,0	NaN
IO unfavorable search
1	BTree_IO_unfavorableSearch(2^10)	20000,0	0,0	0,0
1	ExtHash_IO_unfavorableSearch(2^10)	10000,0	0,0	0,0
1	LinHashV1_IO_unfavorableSearch(2^10)	320000,0	0,0	0,0
1	LinHashV2_IO_unfavorableSearch(2^10)	0,0	0,0	NaN
1	BTree_IO_unfavorableSearch(2^11)	20000,0	0,0	0,0
1	ExtHash_IO_unfavorableSearch(2^11)	10000,0	0,0	0,0
1	LinHashV1_IO_unfavorableSearch(2^11)	609972,0	39,59797974644666	9,180749280294833E-5
1	LinHashV2_IO_unfavorableSearch(2^11)	0,0	0,0	NaN
1	BTree_IO_unfavorableSearch(2^12)	20000,0	0,0	0,0
1	ExtHash_IO_unfavorableSearch(2^12)	10000,0	0,0	0,0
1	LinHashV1_IO_unfavorableSearch(2^12)	1190000,0	0,0	0,0
1	LinHashV2_IO_unfavorableSearch(2^12)	0,0	0,0	NaN
1	BTree_IO_unfavorableSearch(2^13)	20000,0	0,0	0,0
1	ExtHash_IO_unfavorableSearch(2^13)	10000,0	0,0	0,0
1	LinHashV1_IO_unfavorableSearch(2^13)	2360000,0	0,0	0,0
1	LinHashV2_IO_unfavorableSearch(2^13)	0,0	0,0	NaN
1	BTree_IO_unfavorableSearch(2^14)	20000,0	0,0	0,0
1	ExtHash_IO_unfavorableSearch(2^14)	10000,0	0,0	0,0
1	LinHashV1_IO_unfavorableSearch(2^14)	4700000,0	0,0	0,0
1	LinHashV2_IO_unfavorableSearch(2^14)	0,0	0,0	NaN
1	BTree_IO_unfavorableSearch(2^15)	20000,0	0,0	0,0
1	ExtHash_IO_unfavorableSearch(2^15)	10000,0	0,0	0,0
1	LinHashV1_IO_unfavorableSearch(2^15)	9389612,0	548,7148622007609	8,26445224786711E-5
1	LinHashV2_IO_unfavorableSearch(2^15)	0,0	0,0	NaN
Fake DNA test 2
Occupation In
2	BTree_OccIn(2^10)	0,970703125	0,0	0,0
2	ExtHash_OccIn(2^10)	0,7899457812309265	0,053370175810971164	0,07801367157919954
2	LinHashV1_OccIn(2^10)	0,49700927734375	0,0	0,0
2	LinHashV2_OccIn(2^10)	0,0	0,0	NaN
2	BTree_OccIn(2^11)	0,9866922497749329	0,0	0,0
2	ExtHash_OccIn(2^11)	0,7241333723068237	0,018090111657076004	0,028846428667170538
2	LinHashV1_OccIn(2^11)	0,5056992769241333	0,0	0,0
2	LinHashV2_OccIn(2^11)	0,0	0,0	NaN
2	BTree_OccIn(2^12)	0,9862784544626871	1,4336354860329515E-4	1,678450603956164E-4
2	ExtHash_OccIn(2^12)	0,7041277686754862	0,014856251480629835	0,024362796563540855
2	LinHashV1_OccIn(2^12)	0,5103728771209717	0,0	0,0
2	LinHashV2_OccIn(2^12)	0,0	0,0	NaN
2	BTree_OccIn(2^13)	0,990234375	7,195707636329576E-5	8,390829172830376E-5
2	ExtHash_OccIn(2^13)	0,7158888975779215	0,0012383774988089726	0,0019974540315256485
2	LinHashV1_OccIn(2^13)	0,5106180310249329	0,0	0,0
2	LinHashV2_OccIn(2^13)	0,0	0,0	NaN
2	BTree_OccIn(2^14)	0,9923082788785299	3,6098982833618966E-5	4,200661810464017E-5
2	ExtHash_OccIn(2^14)	0,708537737528483	0,009470188218132126	0,015433520128616181
2	LinHashV1_OccIn(2^14)	0,5107421875	0,0	0,0
2	LinHashV2_OccIn(2^14)	0,0	0,0	NaN
2	BTree_OccIn(2^15)	0,9933172861735026	3,6098982833618966E-5	4,196394796822485E-5
2	ExtHash_OccIn(2^15)	0,7079410751660665	0,003501337674841395	0,005710922335221929
2	LinHashV1_OccIn(2^15)	0,5103495717048645	1,5754160477817695E-4	3,5644857160709606E-4
2	LinHashV2_OccIn(2^15)	0,0	0,0	NaN
Occupation Out
2	BTree_OccOut(2^14)	0,9923082788785299	3,6098982833618966E-5	4,196394796822485E-5
2	ExtHash_OccOut(2^14)	0,7079265912373861	0,0034920613524074763	0,005695908549826123
2	LinHashV1_OccOut(2^14)	0,5103495717048645	1,5754160477817695E-4	3,5644857160709606E-4
2	LinHashV2_OccOut(2^14)	0,0	0,0	NaN
2	BTree_OccOut(2^13)	0,990234375	3,6098982833618966E-5	4,196394796822485E-5
2	ExtHash_OccOut(2^13)	0,7079049348831177	0,003491970354549785	0,00569593436874229
2	LinHashV1_OccOut(2^13)	0,5103495717048645	1,5754160477817695E-4	3,5644857160709606E-4
2	LinHashV2_OccOut(2^13)	0,0	0,0	NaN
2	BTree_OccOut(2^12)	0,9862784544626871	3,6098982833618966E-5	4,196394796822485E-5
2	ExtHash_OccOut(2^12)	0,7078904509544373	0,003482714510596291	0,005680952914373483
2	LinHashV1_OccOut(2^12)	0,5103495717048645	1,5754160477817695E-4	3,5644857160709606E-4
2	LinHashV2_OccOut(2^12)	0,0	0,0	NaN
2	BTree_OccOut(2^11)	0,9866922497749329	3,6098982833618966E-5	4,196394796822485E-5
2	ExtHash_OccOut(2^11)	0,7078831990559896	0,0034707093738298024	0,0056614283088843404
2	LinHashV1_OccOut(2^11)	0,5103495717048645	1,5754160477817695E-4	3,5644857160709606E-4
2	LinHashV2_OccOut(2^11)	0,0	0,0	NaN
2	BTree_OccOut(2^10)	0,970703125	3,6098982833618966E-5	4,196394796822485E-5
2	ExtHash_OccOut(2^10)	0,7078760067621866	0,003479850370048979	0,005676396794622136
2	LinHashV1_OccOut(2^10)	0,5103495717048645	1,5754160477817695E-4	3,5644857160709606E-4
2	LinHashV2_OccOut(2^10)	0,0	0,0	NaN
IO in
2	BTree_IO_insert(2^10)	47628,0	0,0	0,0
2	ExtHash_IO_insert(2^10)	2125,0	5,291502622129181	0,0028753416125213115
2	LinHashV1_IO_insert(2^10)	3914,0	0,0	0,0
2	LinHashV2_IO_insert(2^10)	0,0	0,0	NaN
2	BTree_IO_insert(2^11)	185155,0	0,0	0,0
2	ExtHash_IO_insert(2^11)	4301,333333333333	4,725815626252608	0,0012686535604266042
2	LinHashV1_IO_insert(2^11)	10548,0	0,0	0,0
2	LinHashV2_IO_insert(2^11)	0,0	0,0	NaN
2	BTree_IO_insert(2^12)	729775,3333333334	92,9749070090061	1,4711126873621406E-4
2	ExtHash_IO_insert(2^12)	8655,666666666666	4,509249752822894	6,015519448458933E-4
2	LinHashV1_IO_insert(2^12)	31895,333333333332	1,5275252316519465	5,5300698348025636E-5
2	LinHashV2_IO_insert(2^12)	0,0	0,0	NaN
2	BTree_IO_insert(2^13)	2897554,6666666665	296,7580383634677	1,1826063908601555E-4
2	ExtHash_IO_insert(2^13)	17347,333333333332	2,516611478423583	1,6751465906539618E-4
2	LinHashV1_IO_insert(2^13)	107206,66666666667	0,5773502691896257	6,218518748834027E-6
2	LinHashV2_IO_insert(2^13)	0,0	0,0	NaN
2	BTree_IO_insert(2^14)	1,1547257666666666E7	702,0579273345849	7,020425888709565E-5
2	ExtHash_IO_insert(2^14)	34749,333333333336	16,041612554021288	5,330536409120484E-4
2	LinHashV1_IO_insert(2^14)	388301,3333333333	0,5773502691896257	1,7168796742049131E-6
2	LinHashV2_IO_insert(2^14)	0,0	0,0	NaN
2	BTree_IO_insert(2^15)	4,6100991666666664E7	2795,2059554410894	7,001206926232895E-5
2	ExtHash_IO_insert(2^15)	69547,33333333333	20,132891827388665	3,342681871178899E-4
2	LinHashV1_IO_insert(2^15)	1474271,0	6,244997998398398	4,891300548493445E-6
2	LinHashV2_IO_insert(2^15)	0,0	0,0	NaN
IO out
2	BTree_IO_deleting(2^14)	50090,0	0,0	0,0
2	ExtHash_IO_deleting(2^14)	34121,333333333336	6,6583281184793925	2,2532457884941572E-4
2	LinHashV1_IO_deleting(2^14)	1878,6666666666667	0,5773502691896257	3,548616039744499E-4
2	LinHashV2_IO_deleting(2^14)	0,0	0,0	NaN
2	BTree_IO_deleting(2^13)	75604,0	0,0	0,0
2	ExtHash_IO_deleting(2^13)	51858,666666666664	13,316656236958785	2,9651263934464946E-4
2	LinHashV1_IO_deleting(2^13)	3757,3333333333335	1,1547005383792515	3,548616039744499E-4
2	LinHashV2_IO_deleting(2^13)	0,0	0,0	NaN
2	BTree_IO_deleting(2^12)	88830,0	0,0	0,0
2	ExtHash_IO_deleting(2^12)	61404,0	19,974984355438178	3,7562903376557865E-4
2	LinHashV1_IO_deleting(2^12)	5636,0	1,7320508075688772	3,5486160397445E-4
2	LinHashV2_IO_deleting(2^12)	0,0	0,0	NaN
2	BTree_IO_deleting(2^11)	95912,0	0,0	0,0
2	ExtHash_IO_deleting(2^11)	66853,33333333333	26,63331247391757	4,6001446328962093E-4
2	LinHashV1_IO_deleting(2^11)	7514,666666666667	2,309401076758503	3,548616039744499E-4
2	LinHashV2_IO_deleting(2^11)	0,0	0,0	NaN
2	BTree_IO_deleting(2^10)	99922,0	0,0	0,0
2	ExtHash_IO_deleting(2^10)	70254,66666666667	33,291640592396966	5,471789582030516E-4
2	LinHashV1_IO_deleting(2^10)	9393,333333333334	2,886751345948129	3,5486160397445E-4
2	LinHashV2_IO_deleting(2^10)	0,0	0,0	NaN
2	BTree_IO_erased	102994,0	0,0	0,0
2	ExtHash_IO_erased	72302,66666666667	33,291640592396966	5,3167991013106E-4
2	LinHashV1_IO_erased	9393,333333333334	2,886751345948129	3,5486160397445E-4
2	LinHashV2_IO_erased	0,0	0,0	NaN
IO successful search
2	BTree_IO_successfulSearch(2^10)	20000,0	0,0	0,0
2	ExtHash_IO_successfulSearch(2^10)	10000,0	0,0	0,0
2	LinHashV1_IO_insert(2^10)	194953,0	2892,501166810482	0,0171321941933629
2	LinHashV2_IO_insert(2^10)	0,0	0,0	NaN
2	BTree_IO_successfulSearch(2^11)	20000,0	0,0	0,0
2	ExtHash_IO_successfulSearch(2^11)	10000,0	0,0	0,0
2	LinHashV1_IO_insert(2^11)	325697,3333333333	8726,911958610179	0,030939675906656187
2	LinHashV2_IO_insert(2^11)	0,0	0,0	NaN
2	BTree_IO_successfulSearch(2^12)	20000,0	0,0	0,0
2	ExtHash_IO_successfulSearch(2^12)	10000,0	0,0	0,0
2	LinHashV1_IO_insert(2^12)	583756,6666666666	21619,622391090306	0,04276471865768516
2	LinHashV2_IO_insert(2^12)	0,0	0,0	NaN
2	BTree_IO_successfulSearch(2^13)	20000,0	0,0	0,0
2	ExtHash_IO_successfulSearch(2^13)	10000,0	0,0	0,0
2	LinHashV1_IO_insert(2^13)	1112633,0	48023,200965783195	0,04983891005379568
2	LinHashV2_IO_insert(2^13)	0,0	0,0	NaN
2	BTree_IO_successfulSearch(2^14)	20000,0	0,0	0,0
2	ExtHash_IO_successfulSearch(2^14)	10000,0	0,0	0,0
2	LinHashV1_IO_insert(2^14)	2173077,6666666665	94273,02203882791	0,05009351988318579
2	LinHashV2_IO_insert(2^14)	0,0	0,0	NaN
2	BTree_IO_successfulSearch(2^15)	20000,0	0,0	0,0
2	ExtHash_IO_successfulSearch(2^15)	10000,0	0,0	0,0
2	LinHashV1_IO_insert(2^15)	4233208,0	209840,7298977012	0,05723867189771226
2	LinHashV2_IO_insert(2^15)	0,0	0,0	NaN
IO unfavorable search
2	BTree_IO_unfavorableSearch(2^10)	20000,0	0,0	0,0
2	ExtHash_IO_unfavorableSearch(2^10)	10000,0	0,0	0,0
2	LinHashV1_IO_unfavorableSearch(2^10)	320000,0	0,0	0,0
2	LinHashV2_IO_unfavorableSearch(2^10)	0,0	0,0	NaN
2	BTree_IO_unfavorableSearch(2^11)	20000,0	0,0	0,0
2	ExtHash_IO_unfavorableSearch(2^11)	10000,0	0,0	0,0
2	LinHashV1_IO_unfavorableSearch(2^11)	609981,3333333334	32,331615074619044	6,120405870343574E-5
2	LinHashV2_IO_unfavorableSearch(2^11)	0,0	0,0	NaN
2	BTree_IO_unfavorableSearch(2^12)	20000,0	0,0	0,0
2	ExtHash_IO_unfavorableSearch(2^12)	10000,0	0,0	0,0
2	LinHashV1_IO_unfavorableSearch(2^12)	1190000,0	0,0	0,0
2	LinHashV2_IO_unfavorableSearch(2^12)	0,0	0,0	NaN
2	BTree_IO_unfavorableSearch(2^13)	20000,0	0,0	0,0
2	ExtHash_IO_unfavorableSearch(2^13)	10000,0	0,0	0,0
2	LinHashV1_IO_unfavorableSearch(2^13)	2360000,0	0,0	0,0
2	LinHashV2_IO_unfavorableSearch(2^13)	0,0	0,0	NaN
2	BTree_IO_unfavorableSearch(2^14)	20000,0	0,0	0,0
2	ExtHash_IO_unfavorableSearch(2^14)	10000,0	0,0	0,0
2	LinHashV1_IO_unfavorableSearch(2^14)	4700000,0	0,0	0,0
2	LinHashV2_IO_unfavorableSearch(2^14)	0,0	0,0	NaN
2	BTree_IO_unfavorableSearch(2^15)	20000,0	0,0	0,0
2	ExtHash_IO_unfavorableSearch(2^15)	10000,0	0,0	0,0
2	LinHashV1_IO_unfavorableSearch(2^15)	9388084,333333334	2674,2924921057784	3,289283383888931E-4
2	LinHashV2_IO_unfavorableSearch(2^15)	0,0	0,0	NaN
Fake DNA test 3
Occupation In
3	BTree_OccIn(2^10)	0,970703125	0,0	0,0
3	ExtHash_OccIn(2^10)	0,789326623082161	0,04359415715416512	0,055229553747900645
3	LinHashV1_OccIn(2^10)	0,49700927734375	0,0	0,0
3	LinHashV2_OccIn(2^10)	0,0	0,0	NaN
3	BTree_OccIn(2^11)	0,9866922497749329	0,0	0,0
3	ExtHash_OccIn(2^11)	0,7233287543058395	0,014857918215113983	0,020541030792247096
3	LinHashV1_OccIn(2^11)	0,5056992769241333	0,0	0,0
3	LinHashV2_OccIn(2^11)	0,0	0,0	NaN
3	BTree_OccIn(2^12)	0,9863198399543762	1,4336354860330583E-4	1,4535198704908678E-4
3	ExtHash_OccIn(2^12)	0,7162837237119675	0,027169979329515342	0,03793186754085865
3	LinHashV1_OccIn(2^12)	0,5103728771209717	0,0	0,0
3	LinHashV2_OccIn(2^12)	0,0	0,0	NaN
3	BTree_OccIn(2^13)	0,9902447611093521	6,23166561126709E-5	6,293055874676757E-5
3	ExtHash_OccIn(2^13)	0,7103400230407715	0,011143716633264682	0,015687862533159087
3	LinHashV1_OccIn(2^13)	0,5106180310249329	0,0	0,0
3	LinHashV2_OccIn(2^13)	0,0	0,0	NaN
3	BTree_OccIn(2^14)	0,9923291057348251	5,102734051781787E-5	5,1421791644448286E-5
3	ExtHash_OccIn(2^14)	0,7084290981292725	0,007735428451879209	0,01091912863588738
3	LinHashV1_OccIn(2^14)	0,5107421875	0,0	0,0
3	LinHashV2_OccIn(2^14)	0,0	0,0	NaN
3	BTree_OccIn(2^15)	0,9933277070522308	3,609898283362965E-5	3,634146372575864E-5
3	ExtHash_OccIn(2^15)	0,708113357424736	0,0028795199337363383	0,004066467470983128
3	LinHashV1_OccIn(2^15)	0,5103268325328827	1,3643503189086914E-4	2,673483406970924E-4
3	LinHashV2_OccIn(2^15)	0,0	0,0	NaN
Occupation Out
3	BTree_OccOut(2^14)	0,9923291057348251	3,609898283362965E-5	3,634146372575864E-5
3	ExtHash_OccOut(2^14)	0,7081024944782257	0,002872878253576048	0,004057150308011504
3	LinHashV1_OccOut(2^14)	0,5103268325328827	1,3643503189086914E-4	2,673483406970924E-4
3	LinHashV2_OccOut(2^14)	0,0	0,0	NaN
3	BTree_OccOut(2^13)	0,9902447611093521	3,609898283362965E-5	3,634146372575864E-5
3	ExtHash_OccOut(2^13)	0,7080862522125244	0,0028741506340382483	0,004059040300609598
3	LinHashV1_OccOut(2^13)	0,5103268325328827	1,3643503189086914E-4	2,673483406970924E-4
3	LinHashV2_OccOut(2^13)	0,0	0,0	NaN
3	BTree_OccOut(2^12)	0,9863198399543762	3,609898283362965E-5	3,634146372575864E-5
3	ExtHash_OccOut(2^12)	0,7080699652433395	0,0028661998815898513	0,004047904899630697
3	LinHashV1_OccOut(2^12)	0,5103268325328827	1,3643503189086914E-4	2,673483406970924E-4
3	LinHashV2_OccOut(2^12)	0,0	0,0	NaN
3	BTree_OccOut(2^11)	0,9866922497749329	3,609898283362965E-5	3,634146372575864E-5
3	ExtHash_OccOut(2^11)	0,7080645263195038	0,0028569332061438805	0,004034848661313575
3	LinHashV1_OccOut(2^11)	0,5103268325328827	1,3643503189086914E-4	2,673483406970924E-4
3	LinHashV2_OccOut(2^11)	0,0	0,0	NaN
3	BTree_OccOut(2^10)	0,970703125	3,609898283362965E-5	3,634146372575864E-5
3	ExtHash_OccOut(2^10)	0,708053708076477	0,002863427449815247	0,004044082273919774
3	LinHashV1_OccOut(2^10)	0,5103268325328827	1,3643503189086914E-4	2,673483406970924E-4
3	LinHashV2_OccOut(2^10)	0,0	0,0	NaN
IO in
3	BTree_IO_insert(2^10)	47628,0	0,0	0,0
3	ExtHash_IO_insert(2^10)	2125,0	4,320493798938574	0,002033173552441682
3	LinHashV1_IO_insert(2^10)	3913,75	0,5	1,2775471095496647E-4
3	LinHashV2_IO_insert(2^10)	0,0	0,0	NaN
3	BTree_IO_insert(2^11)	185155,0	0,0	0,0
3	ExtHash_IO_insert(2^11)	4301,5	3,87298334620743	9,003797154963222E-4
3	LinHashV1_IO_insert(2^11)	10547,5	1,0	9,480919649205973E-5
3	LinHashV2_IO_insert(2^11)	0,0	0,0	NaN
3	BTree_IO_insert(2^12)	729789,25	80,85532346934401	1,1079270278281574E-4
3	ExtHash_IO_insert(2^12)	8650,25	11,441882129556314	0,0013227227108530174
3	LinHashV1_IO_insert(2^12)	31894,75	1,7078251276595189	5,3545650229568156E-5
3	LinHashV2_IO_insert(2^12)	0,0	0,0	NaN
3	BTree_IO_insert(2^13)	2897597,5	257,00000000002586	8,869416818589395E-5
3	ExtHash_IO_insert(2^13)	17350,0	5,715476066494649	3,294222516711613E-4
3	LinHashV1_IO_insert(2^13)	107206,75	0,49999999999919154	4,6638854363106015E-6
3	LinHashV2_IO_insert(2^13)	0,0	0,0	NaN
3	BTree_IO_insert(2^14)	1,154736E7	608,6695874337682	5,271071374182222E-5
3	ExtHash_IO_insert(2^14)	34749,5	13,102162671355666	3,770460775365305E-4
3	LinHashV1_IO_insert(2^14)	388301,5	0,5773502691952268	1,486860774926769E-6
3	LinHashV2_IO_insert(2^14)	0,0	0,0	NaN
3	BTree_IO_insert(2^15)	4,61017685E7	2760,9172992571134	5,988744877015105E-5
3	ExtHash_IO_insert(2^15)	69546,75	16,479785597310652	2,3695982338945606E-4
3	LinHashV1_IO_insert(2^15)	1474271,0	5,0990195135927845	3,4586717866611934E-6
3	LinHashV2_IO_insert(2^15)	0,0	0,0	NaN
IO out
3	BTree_IO_deleting(2^14)	50090,0	0,0	0,0
3	ExtHash_IO_deleting(2^14)	34121,0	5,477225575051809	1,6052359470859027E-4
3	LinHashV1_IO_deleting(2^14)	1878,75	0,49999999999998734	2,661343978709181E-4
3	LinHashV2_IO_deleting(2^14)	0,0	0,0	NaN
3	BTree_IO_deleting(2^13)	75604,0	0,0	0,0
3	ExtHash_IO_deleting(2^13)	51858,0	10,954451150103175	2,1123936808405984E-4
3	LinHashV1_IO_deleting(2^13)	3757,5	0,9999999999999747	2,661343978709181E-4
3	LinHashV2_IO_deleting(2^13)	0,0	0,0	NaN
3	BTree_IO_deleting(2^12)	88830,0	0,0	0,0
3	ExtHash_IO_deleting(2^12)	61403,0	16,431676725154983	2,676038096698041E-4
3	LinHashV1_IO_deleting(2^12)	5636,25	1,5	2,661343978709248E-4
3	LinHashV2_IO_deleting(2^12)	0,0	0,0	NaN
3	BTree_IO_deleting(2^11)	95912,0	0,0	0,0
3	ExtHash_IO_deleting(2^11)	66852,0	21,90890230020635	3,2772246604748323E-4
3	LinHashV1_IO_deleting(2^11)	7515,0	1,9999999999999494	2,661343978709181E-4
3	LinHashV2_IO_deleting(2^11)	0,0	0,0	NaN
3	BTree_IO_deleting(2^10)	99922,0	0,0	0,0
3	ExtHash_IO_deleting(2^10)	70253,0	27,386127875258598	3,898214720404623E-4
3	LinHashV1_IO_deleting(2^10)	9393,75	2,499999999999899	2,6613439787091407E-4
3	LinHashV2_IO_deleting(2^10)	0,0	0,0	NaN
3	BTree_IO_erased	102994,0	0,0	0,0
3	ExtHash_IO_erased	72301,0	27,386127875258598	3,7877937891949765E-4
3	LinHashV1_IO_erased	9393,75	2,499999999999899	2,6613439787091407E-4
3	LinHashV2_IO_erased	0,0	0,0	NaN
IO successful search
3	BTree_IO_successfulSearch(2^10)	20000,0	0,0	0,0
3	ExtHash_IO_successfulSearch(2^10)	10000,0	0,0	0,0
3	LinHashV1_IO_insert(2^10)	196596,0	4046,6658704008	0,02058366330139372
3	LinHashV2_IO_insert(2^10)	0,0	0,0	NaN
3	BTree_IO_successfulSearch(2^11)	20000,0	0,0	0,0
3	ExtHash_IO_successfulSearch(2^11)	10000,0	0,0	0,0
3	LinHashV1_IO_insert(2^11)	328649,0	9253,215981484498	0,028155314580249745
3	LinHashV2_IO_insert(2^11)	0,0	0,0	NaN
3	BTree_IO_successfulSearch(2^12)	20000,0	0,0	0,0
3	ExtHash_IO_successfulSearch(2^12)	10000,0	0,0	0,0
3	LinHashV1_IO_insert(2^12)	591034,25	22879,210175397242	0,03871046419965889
3	LinHashV2_IO_insert(2^12)	0,0	0,0	NaN
3	BTree_IO_successfulSearch(2^13)	20000,0	0,0	0,0
3	ExtHash_IO_successfulSearch(2^13)	10000,0	0,0	0,0
3	LinHashV1_IO_insert(2^13)	1126043,25	47506,04636166502	0,04218847398771319
3	LinHashV2_IO_insert(2^13)	0,0	0,0	NaN
3	BTree_IO_successfulSearch(2^14)	20000,0	0,0	0,0
3	ExtHash_IO_successfulSearch(2^14)	10000,0	0,0	0,0
3	LinHashV1_IO_insert(2^14)	2196825,0	90447,1032408815	0,041171737958590915
3	LinHashV2_IO_insert(2^14)	0,0	0,0	NaN
3	BTree_IO_successfulSearch(2^15)	20000,0	0,0	0,0
3	ExtHash_IO_successfulSearch(2^15)	10000,0	0,0	0,0
3	LinHashV1_IO_insert(2^15)	4300234,5	217544,5427761098	0,05058899526900447
3	LinHashV2_IO_insert(2^15)	0,0	0,0	NaN
IO unfavorable search
3	BTree_IO_unfavorableSearch(2^10)	20000,0	0,0	0,0
3	ExtHash_IO_unfavorableSearch(2^10)	10000,0	0,0	0,0
3	LinHashV1_IO_unfavorableSearch(2^10)	320000,0	0,0	0,0
3	LinHashV2_IO_unfavorableSearch(2^10)	0,0	0,0	NaN
3	BTree_IO_unfavorableSearch(2^11)	20000,0	0,0	0,0
3	ExtHash_IO_unfavorableSearch(2^11)	10000,0	0,0	0,0
3	LinHashV1_IO_unfavorableSearch(2^11)	609986,0	27,999999999993534	4,590269284867773E-5
3	LinHashV2_IO_unfavorableSearch(2^11)	0,0	0,0	NaN
3	BTree_IO_unfavorableSearch(2^12)	20000,0	0,0	0,0
3	ExtHash_IO_unfavorableSearch(2^12)	10000,0	0,0	0,0
3	LinHashV1_IO_unfavorableSearch(2^12)	1190000,0	0,0	0,0
3	LinHashV2_IO_unfavorableSearch(2^12)	0,0	0,0	NaN
3	BTree_IO_unfavorableSearch(2^13)	20000,0	0,0	0,0
3	ExtHash_IO_unfavorableSearch(2^13)	10000,0	0,0	0,0
3	LinHashV1_IO_unfavorableSearch(2^13)	2360000,0	0,0	0,0
3	LinHashV2_IO_unfavorableSearch(2^13)	0,0	0,0	NaN
3	BTree_IO_unfavorableSearch(2^14)	20000,0	0,0	0,0
3	ExtHash_IO_unfavorableSearch(2^14)	10000,0	0,0	0,0
3	LinHashV1_IO_unfavorableSearch(2^14)	4700000,0	0,0	0,0
3	LinHashV2_IO_unfavorableSearch(2^14)	0,0	0,0	NaN
3	BTree_IO_unfavorableSearch(2^15)	20000,0	0,0	0,0
3	ExtHash_IO_unfavorableSearch(2^15)	10000,0	0,0	0,0
3	LinHashV1_IO_unfavorableSearch(2^15)	9388563,25	2384,39473451847	2,539680109753183E-4
3	LinHashV2_IO_unfavorableSearch(2^15)	0,0	0,0	NaN
Fake DNA test 4
Occupation In
4	BTree_OccIn(2^10)	0,970703125	0,0	0,0
4	ExtHash_OccIn(2^10)	0,7849068164825439	0,03902577808803592	0,044471160574567806
4	LinHashV1_OccIn(2^10)	0,49700927734375	0,0	0,0
4	LinHashV2_OccIn(2^10)	0,0	0,0	NaN
4	BTree_OccIn(2^11)	0,9866922497749329	0,0	0,0
4	ExtHash_OccIn(2^11)	0,722845983505249	0,012912538034591648	0,015977573904407696
4	LinHashV1_OccIn(2^11)	0,5056992769241333	0,0	0,0
4	LinHashV2_OccIn(2^11)	0,0	0,0	NaN
4	BTree_OccIn(2^12)	0,9862950086593628	1,3600660410920763E-4	1,2333835597139257E-4
4	ExtHash_OccIn(2^12)	0,7180885314941406	0,023873468290713063	0,0297359980645538
4	LinHashV1_OccIn(2^12)	0,5103728771209717	0,0	0,0
4	LinHashV2_OccIn(2^12)	0,0	0,0	NaN
4	BTree_OccIn(2^13)	0,9902509927749634	5,5737711679363965E-5	5,034413017898987E-5
4	ExtHash_OccIn(2^13)	0,7082311272621155	0,010741230019324628	0,01356513124636058
4	LinHashV1_OccIn(2^13)	0,5106180310249329	0,0	0,0
4	LinHashV2_OccIn(2^13)	0,0	0,0	NaN
4	BTree_OccIn(2^14)	0,9923416018486023	5,228390199573597E-5	4,712504596143661E-5
4	ExtHash_OccIn(2^14)	0,7094221115112305	0,0070574795702393065	0,008897948802443703
4	LinHashV1_OccIn(2^14)	0,5107421875	0,0	0,0
4	LinHashV2_OccIn(2^14)	0,0	0,0	NaN
4	BTree_OccIn(2^15)	0,9933339595794678	3,424650209087497E-5	3,083656042493686E-5
4	ExtHash_OccIn(2^15)	0,7072762489318848	0,003118089067138271	0,0039431603278348186
4	LinHashV1_OccIn(2^15)	0,5103131890296936	1,2203120232813402E-4	2,1388439072136993E-4
4	LinHashV2_OccIn(2^15)	0,0	0,0	NaN
Occupation Out
4	BTree_OccOut(2^14)	0,9923416018486023	3,424650209087497E-5	3,083656042493686E-5
4	ExtHash_OccOut(2^14)	0,7072675585746765	0,0031105726016410823	0,003933703279270907
4	LinHashV1_OccOut(2^14)	0,5103131890296936	1,2203120232813402E-4	2,1388439072136993E-4
4	LinHashV2_OccOut(2^14)	0,0	0,0	NaN
4	BTree_OccOut(2^13)	0,9902509927749634	3,424650209087497E-5	3,083656042493686E-5
4	ExtHash_OccOut(2^13)	0,7072545647621155	0,0031071009761826905	0,003929385170126007
4	LinHashV1_OccOut(2^13)	0,5103131890296936	1,2203120232813402E-4	2,1388439072136993E-4
4	LinHashV2_OccOut(2^13)	0,0	0,0	NaN
4	BTree_OccOut(2^12)	0,9862950086593628	3,424650209087497E-5	3,083656042493686E-5
4	ExtHash_OccOut(2^12)	0,7072372198104858	0,0031030067838489703	0,00392430370403219
4	LinHashV1_OccOut(2^12)	0,5103131890296936	1,2203120232813402E-4	2,1388439072136993E-4
4	LinHashV2_OccOut(2^12)	0,0	0,0	NaN
4	BTree_OccOut(2^11)	0,9866922497749329	3,424650209087497E-5	3,083656042493686E-5
4	ExtHash_OccOut(2^11)	0,7072328686714172	0,0030951288707224945	0,003914364764781959
4	LinHashV1_OccOut(2^11)	0,5103131890296936	1,2203120232813402E-4	2,1388439072136993E-4
4	LinHashV2_OccOut(2^11)	0,0	0,0	NaN
4	BTree_OccOut(2^10)	0,970703125	3,424650209087497E-5	3,083656042493686E-5
4	ExtHash_OccOut(2^10)	0,707219910621643	0,003102499564658267	0,003923758266727217
4	LinHashV1_OccOut(2^10)	0,5103131890296936	1,2203120232813402E-4	2,1388439072136993E-4
4	LinHashV2_OccOut(2^10)	0,0	0,0	NaN
IO in
4	BTree_IO_insert(2^10)	47628,0	0,0	0,0
4	ExtHash_IO_insert(2^10)	2125,4	3,847076812334269	0,001618956481987885
4	LinHashV1_IO_insert(2^10)	3913,8	0,4472135954999579	1,0220246307936021E-4
4	LinHashV2_IO_insert(2^10)	0,0	0,0	NaN
4	BTree_IO_insert(2^11)	185155,0	0,0	0,0
4	ExtHash_IO_insert(2^11)	4301,8	3,4205262752974246	7,111933860606444E-4
4	LinHashV1_IO_insert(2^11)	10547,6	0,8944271909999159	7,584663809776631E-5
4	LinHashV2_IO_insert(2^11)	0,0	0,0	NaN
4	BTree_IO_insert(2^12)	729796,8	72,02916076145264	8,827777804718717E-5
4	ExtHash_IO_insert(2^12)	8649,6	10,01498876684318	0,0010356176321012827
4	LinHashV1_IO_insert(2^12)	31894,6	1,51657508880996	4,252964441080122E-5
4	LinHashV2_IO_insert(2^12)	0,0	0,0	NaN
4	BTree_IO_insert(2^13)	2897623,2	229,86778808700006	7,095470522185885E-5
4	ExtHash_IO_insert(2^13)	17351,8	6,379655163095013	3,288498626698776E-4
4	LinHashV1_IO_insert(2^13)	107207,0	0,7071067811861188	5,899386532906363E-6
4	LinHashV2_IO_insert(2^13)	0,0	0,0	NaN
4	BTree_IO_insert(2^14)	1,15474214E7	544,7098310110579	4,2191522001722334E-5
4	ExtHash_IO_insert(2^14)	34748,4	11,61034021895997	2,988512849108941E-4
4	LinHashV1_IO_insert(2^14)	388302,6	2,509980079603193	5,7815591038155015E-6
4	LinHashV2_IO_insert(2^14)	0,0	0,0	NaN
4	BTree_IO_insert(2^15)	4,61022346E7	2608,3029540302437	5,0603557608247766E-5
4	ExtHash_IO_insert(2^15)	69549,8	15,817711591756746	2,0341958347920187E-4
4	LinHashV1_IO_insert(2^15)	1474272,6	5,683308895353129	3,4480095545800236E-6
4	LinHashV2_IO_insert(2^15)	0,0	0,0	NaN
IO out
4	BTree_IO_deleting(2^14)	50090,0	0,0	0,0
4	ExtHash_IO_deleting(2^14)	34122,6	5,941380311005282	1,5573643574155136E-4
4	LinHashV1_IO_deleting(2^14)	1878,8	0,4472135954999473	2,1290185224610947E-4
4	LinHashV2_IO_deleting(2^14)	0,0	0,0	NaN
4	BTree_IO_deleting(2^13)	75604,0	0,0	0,0
4	ExtHash_IO_deleting(2^13)	51861,2	11,882760622010256	2,0493671963759123E-4
4	LinHashV1_IO_deleting(2^13)	3757,6	0,8944271909998947	2,1290185224610947E-4
4	LinHashV2_IO_deleting(2^13)	0,0	0,0	NaN
4	BTree_IO_deleting(2^12)	88830,0	0,0	0,0
4	ExtHash_IO_deleting(2^12)	61407,8	17,82414093301554	2,596151678891559E-4
4	LinHashV1_IO_deleting(2^12)	5636,4	1,3416407864998738	2,1290185224611457E-4
4	LinHashV2_IO_deleting(2^12)	0,0	0,0	NaN
4	BTree_IO_deleting(2^11)	95912,0	0,0	0,0
4	ExtHash_IO_deleting(2^11)	66858,4	23,765521244020512	3,1793354924643865E-4
4	LinHashV1_IO_deleting(2^11)	7515,2	1,7888543819997893	2,1290185224610947E-4
4	LinHashV2_IO_deleting(2^11)	0,0	0,0	NaN
4	BTree_IO_deleting(2^10)	99922,0	0,0	0,0
4	ExtHash_IO_deleting(2^10)	70261,0	29,7069015550261	3,781708275027828E-4
4	LinHashV1_IO_deleting(2^10)	9394,0	2,236067977499705	2,1290185224610646E-4
4	LinHashV2_IO_deleting(2^10)	0,0	0,0	NaN
4	BTree_IO_erased	102994,0	0,0	0,0
4	ExtHash_IO_erased	72309,0	29,7069015550261	3,674599359854655E-4
4	LinHashV1_IO_erased	9394,0	2,236067977499705	2,1290185224610646E-4
4	LinHashV2_IO_erased	0,0	0,0	NaN
IO successful search
4	BTree_IO_successfulSearch(2^10)	20000,0	0,0	0,0
4	ExtHash_IO_successfulSearch(2^10)	10000,0	0,0	0,0
4	LinHashV1_IO_insert(2^10)	196547,6	3506,1861473686763	0,015955566116878466
4	LinHashV2_IO_insert(2^10)	0,0	0,0	NaN
4	BTree_IO_successfulSearch(2^11)	20000,0	0,0	0,0
4	ExtHash_IO_successfulSearch(2^11)	10000,0	0,0	0,0
4	LinHashV1_IO_insert(2^11)	329019,0	8056,115968629057	0,02190028289001685
4	LinHashV2_IO_insert(2^11)	0,0	0,0	NaN
4	BTree_IO_successfulSearch(2^12)	20000,0	0,0	0,0
4	ExtHash_IO_successfulSearch(2^12)	10000,0	0,0	0,0
4	LinHashV1_IO_insert(2^12)	591993,0	19929,61869931285	0,030111154812516007
4	LinHashV2_IO_insert(2^12)	0,0	0,0	NaN
4	BTree_IO_successfulSearch(2^13)	20000,0	0,0	0,0
4	ExtHash_IO_successfulSearch(2^13)	10000,0	0,0	0,0
4	LinHashV1_IO_insert(2^13)	1126356,4	41147,401440431204	0,032674697535620856
4	LinHashV2_IO_insert(2^13)	0,0	0,0	NaN
4	BTree_IO_successfulSearch(2^14)	20000,0	0,0	0,0
4	ExtHash_IO_successfulSearch(2^14)	10000,0	0,0	0,0
4	LinHashV1_IO_insert(2^14)	2199755,8	78603,16028443135	0,0319602766165772
4	LinHashV2_IO_insert(2^14)	0,0	0,0	NaN
4	BTree_IO_successfulSearch(2^15)	20000,0	0,0	0,0
4	ExtHash_IO_successfulSearch(2^15)	10000,0	0,0	0,0
4	LinHashV1_IO_insert(2^15)	4295374,6	188712,2524077332	0,03929561110416678
4	LinHashV2_IO_insert(2^15)	0,0	0,0	NaN
IO unfavorable search
4	BTree_IO_unfavorableSearch(2^10)	20000,0	0,0	0,0
4	ExtHash_IO_unfavorableSearch(2^10)	10000,0	0,0	0,0
4	LinHashV1_IO_unfavorableSearch(2^10)	320000,0	0,0	0,0
4	LinHashV2_IO_unfavorableSearch(2^10)	0,0	0,0	NaN
4	BTree_IO_unfavorableSearch(2^11)	20000,0	0,0	0,0
4	ExtHash_IO_unfavorableSearch(2^11)	10000,0	0,0	0,0
4	LinHashV1_IO_unfavorableSearch(2^11)	609988,8	25,043961347992223	3,67219857151396E-5
4	LinHashV2_IO_unfavorableSearch(2^11)	0,0	0,0	NaN
4	BTree_IO_unfavorableSearch(2^12)	20000,0	0,0	0,0
4	ExtHash_IO_unfavorableSearch(2^12)	10000,0	0,0	0,0
4	LinHashV1_IO_unfavorableSearch(2^12)	1190000,0	0,0	0,0
4	LinHashV2_IO_unfavorableSearch(2^12)	0,0	0,0	NaN
4	BTree_IO_unfavorableSearch(2^13)	20000,0	0,0	0,0
4	ExtHash_IO_unfavorableSearch(2^13)	10000,0	0,0	0,0
4	LinHashV1_IO_unfavorableSearch(2^13)	2360000,0	0,0	0,0
4	LinHashV2_IO_unfavorableSearch(2^13)	0,0	0,0	NaN
4	BTree_IO_unfavorableSearch(2^14)	20000,0	0,0	0,0
4	ExtHash_IO_unfavorableSearch(2^14)	10000,0	0,0	0,0
4	LinHashV1_IO_unfavorableSearch(2^14)	4700000,0	0,0	0,0
4	LinHashV2_IO_unfavorableSearch(2^14)	0,0	0,0	NaN
4	BTree_IO_unfavorableSearch(2^15)	20000,0	0,0	0,0
4	ExtHash_IO_unfavorableSearch(2^15)	10000,0	0,0	0,0
4	LinHashV1_IO_unfavorableSearch(2^15)	9388850,6	2162,603477292949	2,0602003757965674E-4
4	LinHashV2_IO_unfavorableSearch(2^15)	0,0	0,0	NaN
